1.0217
1.0650
1.0349
0.7689
-0.4692
-9.5605
4.1696
3.8092
3.8162
4.1292
4.5270
4.8703
5.1681
4.7732
4.3828
4.8302
4.5338
4.6634
5.4848
5.7635
4.1863
3.7996
3.7081
3.6211
3.3954
3.9485
3.9269
3.7048
3.6664
4.3842
4.0419
5.0978
5.3487
5.9632
3.6405
3.6216
3.2216
3.1185
2.8613
3.1255
3.1375
3.3818
3.3830
3.4638
3.8502
3.9513
3.2922
3.3746
3.2403
2.8663
2.8882
2.9781
2.8170
2.7508
3.0181
2.8039
2.8360
2.8827
2.8678
2.8139
2.9435
2.9665
3.1952
3.2817
3.2220
3.2282
3.2178
3.2111
3.3274
3.3346
3.1181
2.9343
2.8469
2.7133
2.6569
2.7772
2.9139
2.7345
2.8369
2.6646
2.6343
2.5432
2.6506
2.6600
2.6816
2.6559
2.6648
2.6214
2.5401
2.7512
2.7039
2.6682
2.6208
2.6866
2.5975
2.6307
2.7019
2.6620
2.6709
2.6523
2.5895
2.5379
2.6415
2.4905
2.4755
2.5362
2.5947
2.5083
2.6251
2.5280
2.4670
2.4382
2.4047
2.3927
2.4197
2.3348
2.3465
2.3658
2.3104
2.3232
2.3061
2.2131
2.2015
2.1969
2.2127
2.2425
2.2768
2.2222
2.2240
2.1523
2.1573
2.1517
2.1949
2.2528
2.3334
2.3457
2.3421
2.3655
2.2844
2.2714
2.2682
2.2657
2.2427
2.2964
2.2874
2.2619
2.2589
2.3301
2.2605
2.2719
2.2405
2.2685
2.2337
2.2684
2.2989
2.4307
2.4472
2.4103
2.5291
2.5290
2.4232
2.4755
2.6058
2.5837
2.5905
2.7241
2.7685
2.7110
2.4487
2.5006
2.4734
2.4651
2.5015
2.8394
2.6309
2.7486
2.7300
2.6140
2.5790
2.6572
2.5392
2.5276
2.6131
2.5521
2.5891
2.7154
2.7612
2.7156
2.8694
2.8200
2.8159
2.8037
2.7960
2.7551
2.7455
2.6322
2.6782
2.6166
2.5231
2.5739
2.6377
2.5555
2.5325
2.5268
2.5537
2.6148
2.5987
2.5941
2.7167
2.5247
2.4532
2.3974
2.4021
2.3067
2.2717
2.2089
2.2374
2.2409
2.1993
2.1467
2.1500
2.0540
1.9747
1.8886
1.8528
1.7799
1.7670
1.7572
1.7936
1.8033
1.8175
1.7714
1.7191
1.6365
1.5615
1.4965
1.4382
1.3857
1.3472
1.3038
1.2625
1.2249
1.1958
1.1713
1.1790
1.1971
1.2430
1.2818
1.2969
1.2659
1.2167
1.1517
1.1064
1.0667
1.0390
1.0156
0.9990
0.9728
0.9556
0.9433
0.9327
0.9183
0.9148
0.9143
0.9255
0.9461
0.9767
1.0027
1.0296
1.0263
1.0061
0.9800
0.9647
0.9420
0.9281
0.9169
0.9082
0.9003
0.8965
0.8949
0.8928
0.8927
0.8910
0.8898
0.8916
0.8918
0.8927
0.9002
0.9126
0.9224
0.9348
0.9413
0.9385
0.9301
0.9240
0.9220
0.9200
0.9205
0.9194
0.9182
0.9169
0.9166
0.9145
0.9163
0.9174
0.9169
0.9174
0.9190
0.9178
0.9170
0.9180
0.9200
0.9235
0.9297
0.9364
0.9416
0.9461
0.9474
0.9447
0.9427
0.9445
0.9446
0.9455
0.9469
0.9470
0.9469
0.9487
0.9485
0.9490
0.9515
0.9518
0.9514
0.9538
0.9558
0.9560
0.9571
0.9593
0.9607
0.9604
0.9609
0.9625
0.9658
0.9695
0.9733
0.9770
0.9792
0.9778
0.9740
0.9726
0.9728
0.9725
0.9734
0.9741
0.9734
0.9742
0.9751
0.9743
0.9755
0.9772
0.9761
0.9763
0.9777
0.9772
0.9764
0.9776
0.9791
0.9791
0.9795
0.9809
0.9818
0.9822
0.9829
0.9847
0.9878
0.9905
0.9919
0.9930
0.9925
0.9903
0.9880
0.9880
0.9877
0.9880
0.9879
0.9874
0.9871
0.9877
0.9870
0.9868
0.9878
0.9873
0.9867
0.9876
0.9877
0.9868
0.9868
0.9872
0.9869
0.9865
0.9871
0.9883
0.9892
0.9898
0.9905
0.9908
0.9911
0.9915
0.9935
0.9959
0.9976
0.9987
0.9991
0.9980
0.9961
0.9953
0.9948
0.9945
0.9946
0.9946
0.9945
0.9949
0.9951
0.9947
0.9954
0.9956
0.9952
0.9955
0.9960
0.9956
0.9957
0.9961
0.9964
0.9962
0.9963
0.9967
0.9965
0.9964
0.9965
0.9966
0.9965
0.9964
0.9963
0.9962
0.9962
0.9966
0.9974
0.9976
0.9976
0.9972
0.9964
0.9952
0.9947
0.9943
0.9940
0.9938
0.9933
0.9927
0.9925
0.9922
0.9917
0.9922
0.9928
0.9933
0.9943
0.9953
0.9954
0.9954
0.9957
0.9961
0.9966
0.9974
0.9984
0.9992
0.9997
0.9998
1.0001
1.0003
1.0002
1.0002
1.0005
1.0004
1.0004
1.0007
1.0010
1.0014
1.0018
1.0022
1.0021
1.0022
1.0019
1.0016
1.0014
1.0014
1.0013
1.0014
1.0013
1.0013
1.0014
1.0014
1.0012
1.0011
1.0008
1.0006
1.0005
1.0005
1.0005
1.0007
1.0008
1.0008
1.0007
1.0007
1.0007
1.0006
1.0006
1.0005
1.0004
1.0004
1.0003
1.0004
1.0004
1.0005
1.0006
1.0006
1.0004
1.0004
1.0002
0.9999
0.9997
0.9995
0.9991
0.9988
0.9987
0.9986
0.9987
0.9990
0.9992
0.9993
0.9996
0.9997
1.0000
1.0002
1.0006
1.0007
1.0012
1.0015
1.0018
1.0020
1.0024
1.0026
1.0029
1.0031
1.0034
1.0033
1.0034
1.0036
1.0037
1.0038
1.0041
1.0043
1.0043
1.0045
1.0046
1.0046
1.0046
1.0047
1.0046
1.0047
1.0045
1.0045
1.0044
1.0043
1.0043
1.0043
1.0043
1.0043
1.0042
1.0040
1.0041
1.0041
1.0041
1.0042
1.0044
1.0044
1.0043
1.0044
1.0044
1.0045
1.0046
1.0048
1.0050
1.0052
1.0054
1.0054
1.0054
1.0053
1.0052
1.0052
1.0053
1.0053
1.0054
1.0054
1.0054
1.0054
1.0055
1.0057
1.0058
1.0059
1.0058
1.0058
1.0058
1.0059
1.0059
1.0060
1.0060
1.0061
1.0060
1.0060
1.0061
1.0061
1.0060
1.0062
1.0063
1.0062
1.0062
1.0063
1.0062
1.0061
1.0061
1.0061
1.0060
1.0060
1.0061
1.0062
1.0061
1.0060
1.0060
1.0059
1.0058
1.0058
1.0057
1.0056
1.0056
1.0055
1.0054
1.0054
1.0052
1.0052
1.0053
1.0053
1.0054
1.0055
1.0055
1.0056
1.0057
1.0056
1.0058
1.0059
1.0059
1.0059
1.0060
1.0060
1.0059
1.0060
1.0061
1.0062
1.0062
1.0063
1.0063
1.0064
1.0064
1.0064
1.0064
1.0064
1.0064
1.0063
1.0063
1.0064
1.0064
1.0064
1.0065
1.0066
1.0066
1.0066
1.0067
1.0066
1.0066
1.0066
1.0065
1.0065
1.0065
1.0064
1.0063
1.0063
1.0062
1.0063
1.0064
1.0064
1.0065
1.0065
1.0064
1.0063
1.0063
1.0062
1.0060
1.0060
1.0059
1.0058
1.0056
1.0055
1.0053
1.0051
1.0049
1.0047
1.0045
1.0043
1.0043
1.0043
1.0045
1.0048
1.0049
1.0049
1.0049
1.0048
1.0048
1.0049
1.0050
1.0052
1.0053
1.0054
1.0055
1.0056
1.0057
1.0057
1.0059
1.0059
1.0058
1.0059
1.0060
1.0059
1.0059
1.0060
1.0060
1.0059
1.0060
1.0060
1.0060
1.0060
1.0059
1.0059
1.0059
1.0058
1.0058
1.0058
1.0058
1.0058
1.0058
1.0059
1.0058
1.0057
1.0057
1.0057
1.0056
1.0056
1.0057
1.0057
1.0057
1.0057
1.0058
1.0057
1.0058
1.0057
1.0057
1.0056
1.0056
1.0055
1.0055
1.0055
1.0055
1.0055
1.0055
1.0053
1.0052
1.0050
1.0050
1.0048
1.0049
1.0050
1.0050
1.0050
1.0051
1.0051
1.0051
1.0051
1.0052
1.0052
1.0053
1.0053
1.0052
1.0052
1.0053
1.0053
1.0054
1.0055
1.0055
1.0055
1.0055
1.0055
1.0055
1.0055
1.0054
1.0054
1.0054
1.0054
1.0054
1.0055
1.0055
1.0056
1.0056
1.0057
1.0056
1.0056
1.0055
1.0056
1.0055
1.0055
1.0055
1.0055
1.0055
1.0056
1.0056
1.0056
1.0057
1.0057
1.0056
1.0055
1.0054
1.0054
1.0055
1.0056
1.0056
1.0058
1.0057
1.0056
1.0055
1.0055
1.0054
1.0054
1.0055
1.0056
1.0057
1.0058
1.0058
1.0058
1.0058
1.0057
1.0056
1.0055
1.0054
1.0054
1.0054
1.0053
1.0053
1.0053
1.0052
1.0051
1.0052
1.0052
1.0052
1.0053
1.0054
1.0054
1.0054
1.0054
1.0054
1.0054
1.0054
1.0053
1.0053
1.0054
1.0055
1.0056
1.0057
1.0056
1.0056
1.0056
1.0057
1.0057
1.0058
1.0058
1.0058
1.0057
1.0057
1.0057
1.0056
1.0055
1.0055
1.0055
1.0054
1.0054
1.0054
1.0054
1.0052
1.0051
1.0049
1.0046
1.0044
1.0043
1.0043
1.0045
1.0048
1.0052
1.0053
1.0054
1.0054
1.0054
1.0053
1.0053
1.0053
1.0054
1.0054
1.0054
1.0056
1.0056
1.0056
1.0057
1.0057
1.0058
1.0059
1.0058
1.0059
1.0059
1.0059
1.0059
1.0060
1.0060
1.0059
1.0059
1.0060
1.0060
1.0059
1.0059
1.0060
1.0059
1.0059
1.0060
1.0061
1.0061
1.0062
1.0061
1.0061
1.0062
1.0062
1.0061
1.0061
1.0061
1.0060
1.0060
1.0060
1.0061
1.0062
1.0063
1.0063
1.0064
1.0064
1.0064
1.0064
1.0064
1.0064
1.0064
1.0064
1.0064
1.0063
1.0064
1.0063
1.0064
1.0065
1.0065
1.0066
1.0066
1.0066
1.0066
1.0065
1.0065
1.0065
1.0066
1.0065
1.0066
1.0066
1.0067
1.0067
1.0068
1.0069
1.0069
1.0068
1.0068
1.0068
1.0069
1.0068
1.0069
1.0069
1.0069
1.0068
1.0068
1.0068
1.0067
1.0068
1.0068
1.0069
1.0070
1.0069
1.0069
1.0070
1.0070
1.0070
1.0071
1.0071
1.0071
1.0072
1.0071
1.0071
1.0071
1.0071
1.0070
1.0070
1.0070
1.0070
1.0070
1.0070
1.0070
1.0071
1.0071
1.0071
1.0071
1.0071
1.0072
1.0072
1.0073
1.0072
1.0073
1.0073
1.0073
1.0073
1.0075
1.0075
1.0074
1.0074
1.0074
1.0074
1.0075
1.0075
1.0075
1.0076
1.0076
1.0075
1.0076
1.0076
1.0076
1.0075
1.0076
1.0075
1.0075
1.0075
1.0076
1.0076
1.0075
1.0076
1.0077
1.0077
1.0077
1.0079
1.0078
1.0078
1.0079
1.0079
1.0079
1.0080
1.0080
1.0079
1.0079
1.0078
1.0079
1.0079
1.0080
1.0080
1.0080
1.0081
1.0080
1.0079
1.0079
1.0079
1.0079
1.0079
1.0080
1.0082
1.0083
1.0083
1.0083
1.0083
1.0081
1.0080
1.0080
1.0080
1.0081
1.0081
1.0082
1.0083
1.0083
1.0083
1.0083
1.0082
1.0082
1.0082
1.0082
1.0081
1.0082
1.0082
1.0081
1.0081
1.0081
1.0081
1.0080
1.0080
1.0079
1.0079
1.0078
1.0079
1.0079
1.0080
1.0081
1.0083
1.0083
1.0083
1.0083
1.0082
1.0082
1.0082
1.0082
1.0083
1.0083
1.0084
1.0085
1.0086
1.0085
1.0086
1.0086
1.0086
1.0087
1.0088
1.0088
1.0087
1.0087
1.0086
1.0086
1.0085
1.0085
1.0085
1.0085
1.0087
1.0088
1.0089
1.0091
1.0091
1.0091
1.0091
1.0089
1.0088
1.0086
1.0086
1.0085
1.0087
1.0087
1.0087
1.0088
1.0089
1.0090
1.0091
1.0093
1.0093
1.0093
1.0092
1.0092
1.0091
1.0091
1.0090
1.0090
1.0089
1.0089
1.0089
1.0089
1.0089
1.0090
1.0090
1.0091
1.0092
1.0091
1.0091
1.0091
1.0091
1.0091
1.0091
1.0091
1.0092
1.0092
1.0093
1.0094
1.0094
1.0095
1.0095
1.0094
1.0093
1.0093
1.0092
1.0092
1.0091
1.0092
1.0092
1.0092
1.0093
1.0093
1.0094
1.0094
1.0094
1.0093
1.0094
1.0094
1.0094
1.0095
1.0095
1.0096
1.0095
1.0096
1.0095
1.0094
1.0094
1.0095
1.0095
1.0095
1.0097
1.0097
1.0096
1.0095
1.0096
1.0095
1.0096
1.0096
1.0096
1.0097
1.0097
1.0097
1.0097
1.0097
1.0097
1.0097
1.0097
1.0097
1.0099
1.0099
1.0099
1.0099
1.0099
1.0097
1.0097
1.0097
1.0098
1.0100
1.0100
1.0100
1.0100
1.0101
1.0100
1.0100
1.0100
1.0101
1.0101
1.0101
1.0102
1.0102
1.0103
1.0103
1.0103
1.0104
1.0104
1.0104
1.0105
1.0105
1.0104
1.0104
1.0103
1.0102
1.0102
1.0103
1.0104
1.0104
1.0104
1.0104
1.0104
1.0104
1.0104
1.0105
1.0106
1.0106
1.0105
1.0106
1.0106
1.0106
1.0106
1.0106
1.0106
1.0106
1.0106
1.0107
1.0108
1.0108
1.0108
1.0109
1.0109
1.0109
1.0109
1.0109
1.0109
1.0109
1.0109
1.0110
1.0110
1.0110
1.0110
1.0110
1.0111
1.0112
1.0112
1.0112
1.0112
1.0112
1.0113
1.0112
1.0112
1.0111
1.0111
1.0111
1.0112
1.0112
1.0112
1.0112
1.0113
1.0113
1.0113
1.0114
1.0114
1.0114
1.0115
1.0114
1.0115
1.0115
1.0116
1.0116
1.0117
1.0117
1.0117
1.0117
1.0117
1.0118
1.0118
1.0118
1.0119
1.0118
1.0118
1.0118
1.0118
1.0118
1.0118
1.0119
1.0119
1.0119
1.0119
1.0119
1.0119
1.0119
1.0120
1.0121
1.0121
1.0121
1.0121
1.0121
1.0121
1.0122
1.0122
1.0122
1.0122
1.0121
1.0121
1.0122
1.0122
1.0122
1.0123
1.0123
1.0123
1.0123
1.0123
1.0124
1.0125
1.0125
1.0125
1.0127
1.0127
1.0126
1.0126
1.0125
1.0124
1.0124
1.0125
1.0126
1.0127
1.0127
1.0127
1.0127
1.0126
1.0125
1.0126
1.0126
1.0125
1.0126
1.0127
1.0127
1.0128
1.0129
1.0130
1.0130
1.0130
1.0129
1.0129
1.0130
1.0130
1.0131
1.0131
1.0131
1.0131
1.0131
1.0131
1.0131
1.0131
1.0131
1.0132
1.0133
1.0133
1.0134
1.0134
1.0134
1.0134
1.0135
1.0135
1.0135
1.0134
1.0133
1.0133
1.0133
1.0133
1.0133
1.0134
1.0135
1.0135
1.0136
1.0136
1.0136
1.0136
1.0137
1.0137
1.0137
1.0136
1.0136
1.0137
1.0137
1.0137
1.0137
1.0137
1.0137
1.0137
1.0137
1.0138
1.0138
1.0138
1.0138
1.0138
1.0139
1.0138
1.0138
1.0138
1.0138
1.0139
1.0140
1.0141
1.0141
1.0142
1.0143
1.0143
1.0143
1.0142
1.0142
1.0143
1.0143
1.0143
1.0143
1.0142
1.0142
1.0144
1.0144
1.0145
1.0145
1.0145
1.0144
1.0143
1.0143
1.0143
1.0144
1.0144
1.0145
1.0144
1.0144
1.0143
1.0143
1.0143
1.0144
1.0144
1.0144
1.0143
1.0144
1.0143
1.0144
1.0145
1.0147
1.0147
1.0147
1.0146
1.0146
1.0147
1.0146
1.0145
1.0146
1.0147
1.0146
1.0146
1.0147
1.0147
1.0148
1.0149
1.0150
1.0150
1.0150
1.0149
1.0149
1.0149
1.0150
1.0149
1.0150
1.0150
1.0151
1.0150
1.0151
1.0152
1.0151
1.0151
1.0151
1.0151
1.0151
1.0151
1.0153
1.0154
1.0153
1.0153
1.0153
1.0152
1.0151
1.0152
1.0152
1.0154
1.0153
1.0152
1.0152
1.0152
1.0152
1.0153
1.0154
1.0154
1.0155
1.0154
1.0154
1.0154
1.0155
1.0154
1.0155
1.0155
1.0154
1.0155
1.0157
1.0156
1.0156
1.0156
1.0155
1.0154
1.0154
1.0154
1.0155
1.0155
1.0154
1.0156
1.0157
1.0158
1.0159
1.0160
1.0159
1.0158
1.0159
1.0158
1.0158
1.0157
1.0158
1.0157
1.0157
1.0158
1.0159
1.0159
1.0159
1.0158
1.0159
1.0159
1.0160
1.0160
1.0160
1.0161
1.0161
1.0161
1.0161
1.0161
1.0160
1.0159
1.0159
1.0159
1.0162
1.0163
1.0163
1.0163
1.0162
1.0159
1.0159
1.0159
1.0159
1.0160
1.0160
1.0163
1.0163
1.0163
1.0163
1.0164
1.0163
1.0162
1.0162
1.0163
1.0163
1.0161
1.0163
1.0163
1.0163
1.0164
1.0167
1.0166
1.0166
1.0167
1.0167
1.0166
1.0165
1.0164
1.0164
1.0164
1.0164
1.0165
1.0166
1.0166
1.0166
1.0165
1.0165
1.0164
1.0167
1.0167
1.0168
1.0169
1.0170
1.0167
1.0165
1.0165
1.0166
1.0167
1.0168
1.0170
1.0172
1.0171
1.0169
1.0168
1.0169
1.0168
1.0169
1.0171
1.0171
1.0169
1.0171
1.0170
1.0168
1.0169
1.0171
1.0171
1.0174
1.0175
1.0175
1.0174
1.0173
1.0171
1.0171
1.0171
1.0172
1.0171
1.0172
1.0172
1.0173
1.0173
1.0174
1.0177
1.0178
1.0178
1.0178
1.0177
1.0174
1.0174
1.0174
1.0175
1.0176
1.0176
1.0177
1.0178
1.0177
1.0177
1.0176
1.0175
1.0175
1.0175
1.0176
1.0176
1.0178
1.0177
1.0177
1.0177
1.0178
1.0177
1.0178
1.0177
1.0177
1.0177
1.0177
1.0176
1.0178
1.0179
1.0180
1.0182
1.0181
1.0181
1.0180
1.0180
1.0178
1.0178
1.0179
1.0180
1.0179
1.0180
1.0180
1.0180
1.0180
1.0181
1.0181
1.0181
1.0179
1.0181
1.0178
1.0180
1.0182
1.0184
1.0183
1.0185
1.0184
1.0182
1.0182
1.0184
1.0185
1.0185
1.0184
1.0184
1.0183
1.0182
1.0185
1.0187
1.0188
1.0188
1.0187
1.0185
1.0184
1.0184
1.0185
1.0185
1.0186
1.0187
1.0185
1.0184
1.0185
1.0185
1.0184
1.0186
1.0187
1.0188
1.0187
1.0187
1.0186
1.0185
1.0184
1.0184
1.0185
1.0188
1.0190
1.0191
1.0192
1.0192
1.0191
1.0190
1.0191
1.0191
1.0190
1.0190
1.0189
1.0189
1.0190
1.0192
1.0192
1.0194
1.0195
1.0195
1.0193
1.0193
1.0193
1.0193
1.0192
1.0193
1.0194
1.0193
1.0193
1.0193
1.0193
1.0193
1.0195
1.0195
1.0195
1.0195
1.0194
1.0193
1.0194
1.0194
1.0195
1.0195
1.0194
1.0194
1.0195
1.0195
1.0194
1.0197
1.0198
1.0198
1.0199
1.0200
1.0198
1.0198
1.0200
1.0199
1.0199
1.0200
1.0199
1.0197
1.0198
1.0199
1.0199
1.0200
1.0200
1.0199
1.0201
1.0203
1.0203
1.0205
1.0205
1.0204
1.0201
1.0201
1.0201
1.0202
1.0200
1.0201
1.0202
1.0201
1.0200
1.0201
1.0203
1.0206
1.0209
1.0210
1.0212
1.0210
1.0205
1.0204
1.0203
1.0202
1.0204
1.0205
1.0205
1.0206
1.0207
1.0204
1.0202
1.0200
1.0196
1.0194
1.0195
1.0199
1.0201
1.0205
1.0207
1.0208
1.0207
1.0208
1.0210
1.0209
1.0210
1.0211
1.0210
1.0210
1.0210
1.0211
1.0211
1.0211
1.0209
1.0210
1.0209
1.0208
1.0209
1.0209
1.0208
1.0208
1.0209
1.0207
1.0207
1.0206
1.0208
1.0210
1.0211
1.0213
1.0213
1.0211
1.0209
1.0210
1.0218
1.0220
1.0221
1.0221
1.0221
1.0212
1.0213
1.0213
1.0215
1.0216
1.0217
1.0216
1.0217
1.0217
1.0216
1.0219
1.0218
1.0218
1.0218
1.0215
1.0213
1.0212
1.0213
1.0214
1.0218
1.0219
1.0219
1.0217
1.0217
1.0216
1.0215
1.0215
1.0217
1.0217
1.0218
1.0221
1.0220
1.0218
1.0217
1.0217
1.0216
1.0218
1.0220
1.0219
1.0220
1.0220
1.0219
1.0219
1.0221
1.0219
1.0219
1.0220
1.0222
1.0222
1.0224
1.0222
1.0220
1.0217
1.0215
1.0214
1.0217
1.0217
1.0218
1.0217
1.0216
1.0213
1.0214
1.0215
1.0217
1.0215
1.0216
1.0216
1.0216
1.0217
1.0219
1.0220
1.0223
1.0221
1.0223
1.0221
1.0219
1.0217
1.0217
1.0215
1.0217
1.0219
1.0217
1.0216
1.0213
1.0209
1.0206
1.0205
1.0205
1.0209
1.0210
1.0213
1.0214
1.0219
1.0219
1.0217
1.0227
1.0251
1.0254
1.0283
1.0419
1.1127
1.0386
1.0476
