1.0217
1.0650
1.0349
0.7697
-0.4657
-9.5431
4.1663
3.8077
3.8147
4.1283
4.5268
4.8702
5.1677
4.7736
4.3830
4.8311
4.5334
4.6631
5.4841
5.7645
4.1869
3.8011
3.7104
3.6234
3.3965
3.9488
3.9267
3.7045
3.6654
4.3857
4.0422
5.0986
5.3492
5.9664
3.6409
3.6226
3.2214
3.1189
2.8617
3.1253
3.1379
3.3827
3.3827
3.4634
3.8499
3.9512
3.2920
3.3750
3.2407
2.8670
2.8889
2.9791
2.8177
2.7515
3.0184
2.8037
2.8361
2.8827
2.8679
2.8147
2.9443
2.9665
3.1955
3.2825
3.2237
3.2308
3.2210
3.2147
3.3306
3.3366
3.1191
2.9352
2.8479
2.7137
2.6572
2.7773
2.9141
2.7348
2.8372
2.6637
2.6336
2.5426
2.6496
2.6598
2.6820
2.6565
2.6655
2.6222
2.5407
2.7530
2.7055
2.6691
2.6213
2.6870
2.5976
2.6304
2.7019
2.6625
2.6710
2.6523
2.5903
2.5392
2.6428
2.4911
2.4767
2.5375
2.5957
2.5094
2.6273
2.5292
2.4676
2.4391
2.4050
2.3925
2.4193
2.3344
2.3459
2.3657
2.3106
2.3238
2.3066
2.2138
2.2028
2.1981
2.2142
2.2442
2.2776
2.2223
2.2242
2.1524
2.1574
2.1524
2.1952
2.2534
2.3340
2.3462
2.3426
2.3663
2.2847
2.2721
2.2689
2.2661
2.2428
2.2968
2.2873
2.2623
2.2595
2.3305
2.2610
2.2727
2.2408
2.2686
2.2344
2.2687
2.2992
2.4304
2.4472
2.4107
2.5301
2.5299
2.4249
2.4769
2.6069
2.5845
2.5914
2.7255
2.7706
2.7129
2.4503
2.5020
2.4741
2.4660
2.5028
2.8413
2.6321
2.7503
2.7304
2.6141
2.5786
2.6577
2.5393
2.5281
2.6137
2.5531
2.5899
2.7166
2.7620
2.7161
2.8698
2.8200
2.8155
2.8031
2.7954
2.7552
2.7456
2.6329
2.6792
2.6185
2.5243
2.5757
2.6385
2.5568
2.5318
2.5259
2.5530
2.6146
2.5982
2.5951
2.7169
2.5243
2.4522
2.3970
2.4016
2.3069
2.2719
2.2098
2.2378
2.2410
2.1990
2.1467
2.1494
2.0534
1.9740
1.8882
1.8523
1.7796
1.7666
1.7573
1.7937
1.8035
1.8177
1.7721
1.7197
1.6370
1.5618
1.4968
1.4383
1.3857
1.3471
1.3038
1.2625
1.2250
1.1960
1.1714
1.1793
1.1974
1.2432
1.2821
1.2974
1.2661
1.2170
1.1522
1.1065
1.0669
1.0390
1.0155
0.9990
0.9727
0.9556
0.9434
0.9328
0.9183
0.9148
0.9144
0.9255
0.9462
0.9768
1.0029
1.0297
1.0263
1.0058
0.9798
0.9645
0.9417
0.9279
0.9168
0.9081
0.9003
0.8966
0.8950
0.8928
0.8928
0.8912
0.8898
0.8916
0.8918
0.8927
0.9002
0.9126
0.9224
0.9348
0.9413
0.9384
0.9301
0.9240
0.9221
0.9200
0.9206
0.9195
0.9182
0.9168
0.9166
0.9145
0.9163
0.9175
0.9170
0.9174
0.9190
0.9179
0.9170
0.9180
0.9200
0.9235
0.9297
0.9365
0.9417
0.9462
0.9475
0.9448
0.9427
0.9445
0.9446
0.9455
0.9469
0.9470
0.9469
0.9487
0.9485
0.9490
0.9515
0.9518
0.9514
0.9538
0.9558
0.9560
0.9571
0.9594
0.9607
0.9604
0.9609
0.9625
0.9658
0.9695
0.9733
0.9770
0.9792
0.9778
0.9740
0.9727
0.9729
0.9725
0.9735
0.9741
0.9735
0.9742
0.9751
0.9743
0.9755
0.9772
0.9761
0.9762
0.9776
0.9772
0.9764
0.9776
0.9791
0.9791
0.9795
0.9809
0.9818
0.9822
0.9829
0.9847
0.9879
0.9905
0.9919
0.9930
0.9925
0.9903
0.9880
0.9880
0.9877
0.9880
0.9879
0.9874
0.9872
0.9877
0.9870
0.9869
0.9879
0.9873
0.9867
0.9876
0.9877
0.9868
0.9869
0.9872
0.9869
0.9865
0.9871
0.9883
0.9892
0.9898
0.9905
0.9908
0.9910
0.9915
0.9934
0.9959
0.9975
0.9986
0.9990
0.9980
0.9960
0.9953
0.9948
0.9945
0.9946
0.9947
0.9945
0.9949
0.9951
0.9947
0.9954
0.9956
0.9953
0.9955
0.9960
0.9956
0.9957
0.9961
0.9964
0.9962
0.9963
0.9966
0.9965
0.9964
0.9965
0.9966
0.9965
0.9964
0.9963
0.9962
0.9962
0.9966
0.9973
0.9976
0.9976
0.9972
0.9964
0.9952
0.9947
0.9943
0.9940
0.9938
0.9933
0.9927
0.9925
0.9921
0.9916
0.9921
0.9928
0.9933
0.9943
0.9953
0.9954
0.9954
0.9957
0.9961
0.9966
0.9974
0.9983
0.9992
0.9997
0.9998
1.0001
1.0003
1.0002
1.0002
1.0005
1.0004
1.0004
1.0007
1.0010
1.0014
1.0018
1.0022
1.0022
1.0022
1.0019
1.0016
1.0014
1.0014
1.0012
1.0013
1.0013
1.0013
1.0014
1.0014
1.0012
1.0011
1.0008
1.0006
1.0005
1.0005
1.0005
1.0007
1.0008
1.0007
1.0007
1.0007
1.0007
1.0006
1.0006
1.0006
1.0004
1.0004
1.0003
1.0004
1.0004
1.0005
1.0006
1.0006
1.0004
1.0004
1.0002
0.9999
0.9997
0.9995
0.9991
0.9988
0.9986
0.9986
0.9987
0.9990
0.9992
0.9993
0.9996
0.9997
1.0000
1.0002
1.0006
1.0007
1.0012
1.0014
1.0018
1.0020
1.0024
1.0026
1.0029
1.0031
1.0034
1.0033
1.0034
1.0036
1.0037
1.0038
1.0041
1.0043
1.0043
1.0045
1.0045
1.0046
1.0046
1.0046
1.0046
1.0047
1.0045
1.0044
1.0044
1.0043
1.0043
1.0043
1.0043
1.0042
1.0042
1.0040
1.0041
1.0041
1.0041
1.0042
1.0043
1.0044
1.0043
1.0044
1.0044
1.0045
1.0046
1.0048
1.0049
1.0052
1.0054
1.0054
1.0054
1.0053
1.0052
1.0052
1.0052
1.0053
1.0054
1.0054
1.0054
1.0055
1.0055
1.0057
1.0058
1.0059
1.0058
1.0058
1.0058
1.0060
1.0060
1.0060
1.0060
1.0061
1.0060
1.0060
1.0060
1.0061
1.0060
1.0061
1.0063
1.0062
1.0062
1.0063
1.0062
1.0061
1.0061
1.0061
1.0060
1.0060
1.0061
1.0062
1.0061
1.0060
1.0060
1.0059
1.0058
1.0058
1.0056
1.0056
1.0056
1.0055
1.0054
1.0054
1.0053
1.0052
1.0053
1.0053
1.0054
1.0055
1.0055
1.0056
1.0057
1.0056
1.0058
1.0059
1.0059
1.0059
1.0060
1.0060
1.0059
1.0060
1.0061
1.0062
1.0062
1.0063
1.0063
1.0064
1.0064
1.0064
1.0064
1.0064
1.0064
1.0063
1.0063
1.0064
1.0064
1.0064
1.0065
1.0066
1.0067
1.0067
1.0067
1.0066
1.0066
1.0066
1.0065
1.0065
1.0065
1.0064
1.0063
1.0063
1.0062
1.0062
1.0063
1.0063
1.0065
1.0065
1.0064
1.0063
1.0063
1.0062
1.0060
1.0060
1.0059
1.0058
1.0056
1.0055
1.0053
1.0051
1.0049
1.0047
1.0045
1.0043
1.0043
1.0043
1.0045
1.0048
1.0049
1.0049
1.0049
1.0049
1.0048
1.0049
1.0050
1.0052
1.0053
1.0054
1.0055
1.0056
1.0057
1.0057
1.0059
1.0059
1.0058
1.0059
1.0059
1.0058
1.0059
1.0059
1.0059
1.0059
1.0060
1.0059
1.0060
1.0060
1.0059
1.0059
1.0059
1.0058
1.0058
1.0058
1.0058
1.0058
1.0057
1.0058
1.0058
1.0057
1.0057
1.0057
1.0056
1.0056
1.0057
1.0057
1.0057
1.0058
1.0058
1.0057
1.0058
1.0057
1.0057
1.0056
1.0056
1.0055
1.0055
1.0055
1.0055
1.0055
1.0055
1.0053
1.0052
1.0050
1.0050
1.0048
1.0049
1.0050
1.0050
1.0050
1.0051
1.0051
1.0050
1.0051
1.0051
1.0052
1.0052
1.0052
1.0052
1.0052
1.0053
1.0053
1.0054
1.0055
1.0055
1.0055
1.0055
1.0055
1.0055
1.0054
1.0054
1.0054
1.0054
1.0053
1.0054
1.0055
1.0055
1.0056
1.0056
1.0057
1.0056
1.0056
1.0055
1.0055
1.0055
1.0055
1.0055
1.0055
1.0055
1.0056
1.0057
1.0057
1.0057
1.0057
1.0056
1.0055
1.0054
1.0054
1.0055
1.0056
1.0057
1.0058
1.0058
1.0056
1.0055
1.0055
1.0054
1.0054
1.0055
1.0056
1.0057
1.0058
1.0059
1.0058
1.0058
1.0057
1.0056
1.0055
1.0054
1.0054
1.0054
1.0053
1.0053
1.0053
1.0052
1.0051
1.0052
1.0052
1.0052
1.0053
1.0054
1.0054
1.0054
1.0054
1.0054
1.0054
1.0054
1.0053
1.0054
1.0054
1.0055
1.0056
1.0057
1.0056
1.0056
1.0056
1.0057
1.0057
1.0058
1.0058
1.0058
1.0057
1.0057
1.0057
1.0056
1.0055
1.0055
1.0055
1.0054
1.0054
1.0054
1.0054
1.0052
1.0051
1.0049
1.0046
1.0043
1.0043
1.0043
1.0045
1.0048
1.0052
1.0053
1.0054
1.0054
1.0054
1.0053
1.0053
1.0053
1.0054
1.0054
1.0054
1.0056
1.0055
1.0056
1.0057
1.0058
1.0058
1.0058
1.0058
1.0059
1.0059
1.0059
1.0059
1.0059
1.0059
1.0059
1.0059
1.0060
1.0060
1.0059
1.0059
1.0060
1.0059
1.0059
1.0060
1.0061
1.0061
1.0061
1.0061
1.0061
1.0061
1.0062
1.0061
1.0061
1.0061
1.0060
1.0060
1.0061
1.0061
1.0062
1.0063
1.0063
1.0064
1.0064
1.0064
1.0064
1.0064
1.0064
1.0064
1.0064
1.0064
1.0063
1.0064
1.0063
1.0064
1.0065
1.0066
1.0066
1.0066
1.0066
1.0066
1.0065
1.0065
1.0065
1.0066
1.0065
1.0066
1.0066
1.0067
1.0067
1.0068
1.0069
1.0069
1.0068
1.0069
1.0068
1.0069
1.0068
1.0068
1.0069
1.0069
1.0068
1.0068
1.0068
1.0067
1.0068
1.0067
1.0069
1.0070
1.0069
1.0069
1.0071
1.0070
1.0070
1.0071
1.0071
1.0071
1.0072
1.0071
1.0071
1.0070
1.0070
1.0070
1.0070
1.0070
1.0070
1.0070
1.0070
1.0070
1.0071
1.0071
1.0071
1.0071
1.0071
1.0072
1.0072
1.0073
1.0073
1.0073
1.0073
1.0073
1.0073
1.0075
1.0075
1.0074
1.0074
1.0074
1.0074
1.0075
1.0075
1.0075
1.0076
1.0076
1.0075
1.0076
1.0076
1.0076
1.0075
1.0075
1.0075
1.0075
1.0075
1.0076
1.0076
1.0076
1.0076
1.0077
1.0077
1.0077
1.0078
1.0077
1.0078
1.0078
1.0079
1.0079
1.0080
1.0080
1.0079
1.0079
1.0078
1.0079
1.0079
1.0080
1.0080
1.0080
1.0081
1.0080
1.0079
1.0079
1.0079
1.0079
1.0079
1.0080
1.0082
1.0083
1.0083
1.0083
1.0083
1.0081
1.0080
1.0080
1.0080
1.0081
1.0081
1.0082
1.0083
1.0083
1.0083
1.0083
1.0082
1.0082
1.0082
1.0082
1.0081
1.0082
1.0082
1.0081
1.0081
1.0081
1.0081
1.0080
1.0080
1.0079
1.0079
1.0078
1.0079
1.0079
1.0080
1.0081
1.0083
1.0083
1.0083
1.0083
1.0082
1.0082
1.0082
1.0082
1.0083
1.0083
1.0084
1.0085
1.0086
1.0086
1.0086
1.0086
1.0086
1.0087
1.0088
1.0088
1.0088
1.0087
1.0086
1.0086
1.0085
1.0085
1.0085
1.0085
1.0087
1.0088
1.0089
1.0091
1.0091
1.0091
1.0091
1.0089
1.0088
1.0086
1.0086
1.0085
1.0086
1.0087
1.0087
1.0088
1.0089
1.0090
1.0091
1.0093
1.0093
1.0093
1.0092
1.0092
1.0091
1.0091
1.0091
1.0090
1.0089
1.0089
1.0089
1.0089
1.0090
1.0090
1.0090
1.0091
1.0091
1.0091
1.0091
1.0091
1.0090
1.0090
1.0091
1.0091
1.0092
1.0092
1.0093
1.0094
1.0094
1.0095
1.0095
1.0094
1.0093
1.0093
1.0092
1.0092
1.0091
1.0092
1.0092
1.0092
1.0093
1.0093
1.0094
1.0094
1.0094
1.0093
1.0094
1.0094
1.0094
1.0095
1.0095
1.0096
1.0095
1.0096
1.0095
1.0094
1.0094
1.0095
1.0095
1.0096
1.0097
1.0097
1.0096
1.0095
1.0096
1.0095
1.0096
1.0096
1.0096
1.0097
1.0097
1.0096
1.0097
1.0097
1.0097
1.0097
1.0097
1.0097
1.0099
1.0099
1.0099
1.0099
1.0099
1.0097
1.0097
1.0097
1.0098
1.0100
1.0100
1.0100
1.0101
1.0101
1.0100
1.0100
1.0100
1.0100
1.0101
1.0101
1.0102
1.0102
1.0103
1.0103
1.0103
1.0104
1.0104
1.0104
1.0105
1.0105
1.0104
1.0104
1.0103
1.0102
1.0102
1.0103
1.0104
1.0104
1.0104
1.0104
1.0104
1.0104
1.0104
1.0105
1.0106
1.0106
1.0105
1.0106
1.0106
1.0106
1.0106
1.0107
1.0107
1.0107
1.0106
1.0107
1.0108
1.0108
1.0108
1.0109
1.0109
1.0109
1.0109
1.0109
1.0109
1.0109
1.0110
1.0110
1.0110
1.0110
1.0110
1.0110
1.0111
1.0112
1.0112
1.0112
1.0112
1.0112
1.0113
1.0112
1.0111
1.0111
1.0111
1.0111
1.0112
1.0112
1.0112
1.0112
1.0113
1.0113
1.0113
1.0114
1.0114
1.0114
1.0115
1.0115
1.0115
1.0115
1.0116
1.0116
1.0117
1.0117
1.0117
1.0117
1.0117
1.0118
1.0118
1.0118
1.0119
1.0118
1.0118
1.0118
1.0118
1.0118
1.0118
1.0119
1.0119
1.0119
1.0119
1.0119
1.0119
1.0119
1.0120
1.0121
1.0121
1.0121
1.0121
1.0121
1.0121
1.0122
1.0122
1.0122
1.0122
1.0122
1.0121
1.0122
1.0122
1.0122
1.0123
1.0123
1.0123
1.0124
1.0123
1.0124
1.0125
1.0125
1.0125
1.0127
1.0127
1.0126
1.0126
1.0125
1.0124
1.0124
1.0125
1.0126
1.0127
1.0127
1.0127
1.0127
1.0126
1.0125
1.0126
1.0126
1.0125
1.0126
1.0127
1.0127
1.0128
1.0129
1.0129
1.0130
1.0130
1.0129
1.0129
1.0130
1.0130
1.0131
1.0131
1.0131
1.0131
1.0131
1.0131
1.0131
1.0131
1.0131
1.0132
1.0133
1.0133
1.0134
1.0134
1.0134
1.0134
1.0135
1.0135
1.0135
1.0134
1.0133
1.0133
1.0132
1.0132
1.0133
1.0134
1.0135
1.0135
1.0136
1.0136
1.0136
1.0136
1.0137
1.0137
1.0137
1.0136
1.0136
1.0136
1.0136
1.0137
1.0137
1.0137
1.0137
1.0137
1.0137
1.0138
1.0138
1.0138
1.0138
1.0138
1.0139
1.0138
1.0138
1.0138
1.0138
1.0139
1.0139
1.0141
1.0141
1.0142
1.0143
1.0143
1.0142
1.0142
1.0142
1.0143
1.0143
1.0143
1.0143
1.0142
1.0142
1.0143
1.0144
1.0145
1.0145
1.0145
1.0144
1.0143
1.0143
1.0143
1.0144
1.0144
1.0145
1.0144
1.0144
1.0143
1.0143
1.0143
1.0144
1.0144
1.0144
1.0143
1.0144
1.0143
1.0144
1.0146
1.0147
1.0147
1.0147
1.0146
1.0146
1.0147
1.0146
1.0146
1.0146
1.0147
1.0146
1.0146
1.0147
1.0147
1.0148
1.0149
1.0150
1.0150
1.0150
1.0149
1.0149
1.0150
1.0150
1.0150
1.0150
1.0151
1.0151
1.0150
1.0151
1.0151
1.0151
1.0151
1.0150
1.0150
1.0151
1.0151
1.0152
1.0154
1.0153
1.0153
1.0153
1.0152
1.0151
1.0153
1.0153
1.0154
1.0153
1.0152
1.0152
1.0152
1.0152
1.0153
1.0154
1.0154
1.0155
1.0154
1.0153
1.0154
1.0155
1.0154
1.0155
1.0155
1.0154
1.0155
1.0156
1.0156
1.0156
1.0156
1.0156
1.0154
1.0154
1.0155
1.0155
1.0155
1.0154
1.0156
1.0157
1.0158
1.0159
1.0160
1.0159
1.0158
1.0159
1.0158
1.0158
1.0158
1.0158
1.0157
1.0158
1.0159
1.0159
1.0159
1.0159
1.0158
1.0159
1.0159
1.0159
1.0160
1.0160
1.0161
1.0161
1.0161
1.0161
1.0161
1.0160
1.0159
1.0158
1.0159
1.0162
1.0162
1.0162
1.0163
1.0162
1.0160
1.0159
1.0159
1.0159
1.0160
1.0160
1.0163
1.0163
1.0163
1.0163
1.0164
1.0163
1.0162
1.0163
1.0163
1.0163
1.0161
1.0163
1.0164
1.0164
1.0164
1.0167
1.0166
1.0166
1.0167
1.0167
1.0166
1.0165
1.0165
1.0164
1.0164
1.0164
1.0165
1.0166
1.0166
1.0166
1.0165
1.0165
1.0164
1.0167
1.0168
1.0169
1.0169
1.0170
1.0167
1.0165
1.0165
1.0166
1.0167
1.0169
1.0170
1.0172
1.0171
1.0169
1.0168
1.0169
1.0168
1.0169
1.0171
1.0171
1.0170
1.0171
1.0170
1.0169
1.0169
1.0171
1.0172
1.0174
1.0176
1.0175
1.0175
1.0173
1.0171
1.0170
1.0171
1.0171
1.0171
1.0171
1.0172
1.0173
1.0173
1.0174
1.0177
1.0178
1.0178
1.0177
1.0177
1.0174
1.0174
1.0175
1.0175
1.0176
1.0176
1.0177
1.0177
1.0177
1.0177
1.0176
1.0175
1.0175
1.0175
1.0176
1.0176
1.0177
1.0177
1.0177
1.0177
1.0178
1.0177
1.0178
1.0177
1.0176
1.0177
1.0176
1.0176
1.0177
1.0179
1.0180
1.0182
1.0181
1.0180
1.0180
1.0180
1.0178
1.0179
1.0179
1.0180
1.0179
1.0180
1.0180
1.0180
1.0180
1.0181
1.0181
1.0181
1.0179
1.0180
1.0178
1.0180
1.0182
1.0184
1.0183
1.0184
1.0183
1.0182
1.0182
1.0184
1.0185
1.0185
1.0184
1.0184
1.0182
1.0182
1.0185
1.0187
1.0188
1.0188
1.0187
1.0184
1.0183
1.0184
1.0185
1.0185
1.0186
1.0187
1.0185
1.0184
1.0185
1.0185
1.0184
1.0186
1.0187
1.0187
1.0187
1.0187
1.0186
1.0185
1.0184
1.0184
1.0185
1.0188
1.0190
1.0191
1.0192
1.0193
1.0191
1.0190
1.0191
1.0191
1.0190
1.0190
1.0189
1.0189
1.0189
1.0192
1.0192
1.0194
1.0194
1.0195
1.0193
1.0193
1.0193
1.0193
1.0192
1.0193
1.0194
1.0193
1.0192
1.0192
1.0192
1.0192
1.0194
1.0194
1.0195
1.0195
1.0194
1.0193
1.0194
1.0194
1.0195
1.0195
1.0194
1.0194
1.0195
1.0195
1.0194
1.0197
1.0198
1.0198
1.0199
1.0200
1.0198
1.0198
1.0200
1.0199
1.0198
1.0200
1.0198
1.0197
1.0198
1.0199
1.0199
1.0200
1.0200
1.0199
1.0201
1.0203
1.0203
1.0205
1.0205
1.0204
1.0201
1.0202
1.0201
1.0203
1.0201
1.0201
1.0202
1.0201
1.0200
1.0201
1.0203
1.0207
1.0209
1.0211
1.0213
1.0210
1.0206
1.0204
1.0203
1.0202
1.0205
1.0206
1.0205
1.0206
1.0207
1.0204
1.0202
1.0200
1.0196
1.0194
1.0196
1.0199
1.0201
1.0205
1.0208
1.0208
1.0207
1.0209
1.0210
1.0209
1.0211
1.0211
1.0210
1.0210
1.0210
1.0211
1.0211
1.0211
1.0209
1.0210
1.0209
1.0208
1.0209
1.0209
1.0209
1.0208
1.0209
1.0208
1.0207
1.0206
1.0208
1.0211
1.0211
1.0213
1.0214
1.0211
1.0209
1.0210
1.0218
1.0220
1.0221
1.0221
1.0221
1.0212
1.0213
1.0214
1.0215
1.0217
1.0217
1.0217
1.0217
1.0217
1.0216
1.0219
1.0218
1.0218
1.0218
1.0215
1.0213
1.0211
1.0213
1.0214
1.0218
1.0219
1.0219
1.0217
1.0217
1.0216
1.0215
1.0215
1.0217
1.0217
1.0218
1.0221
1.0220
1.0218
1.0217
1.0217
1.0216
1.0217
1.0219
1.0219
1.0219
1.0219
1.0219
1.0218
1.0220
1.0219
1.0219
1.0220
1.0222
1.0222
1.0224
1.0222
1.0220
1.0217
1.0215
1.0214
1.0216
1.0217
1.0218
1.0217
1.0216
1.0213
1.0214
1.0215
1.0217
1.0215
1.0216
1.0216
1.0216
1.0217
1.0219
1.0220
1.0223
1.0221
1.0223
1.0221
1.0219
1.0216
1.0217
1.0214
1.0216
1.0219
1.0218
1.0216
1.0213
1.0209
1.0206
1.0205
1.0205
1.0209
1.0210
1.0213
1.0214
1.0219
1.0219
1.0218
1.0227
1.0252
1.0255
1.0284
1.0418
1.1127
1.0382
1.0476
