1.0217
1.0651
1.0349
0.7698
-0.4664
-9.5451
4.1665
3.8077
3.8151
4.1275
4.5268
4.8706
5.1681
4.7739
4.3839
4.8316
4.5347
4.6647
5.4860
5.7656
4.1875
3.8007
3.7099
3.6230
3.3966
3.9495
3.9272
3.7049
3.6662
4.3860
4.0429
5.0996
5.3500
5.9662
3.6405
3.6221
3.2214
3.1189
2.8615
3.1251
3.1371
3.3820
3.3822
3.4637
3.8509
3.9523
3.2925
3.3757
3.2408
2.8671
2.8890
2.9792
2.8175
2.7512
3.0178
2.8032
2.8355
2.8825
2.8678
2.8144
2.9440
2.9668
3.1955
3.2822
3.2236
3.2303
3.2202
3.2140
3.3302
3.3364
3.1193
2.9349
2.8476
2.7138
2.6573
2.7777
2.9148
2.7356
2.8377
2.6645
2.6344
2.5431
2.6500
2.6600
2.6821
2.6563
2.6653
2.6223
2.5409
2.7530
2.7055
2.6694
2.6215
2.6872
2.5975
2.6303
2.7019
2.6625
2.6713
2.6526
2.5905
2.5390
2.6423
2.4907
2.4763
2.5373
2.5953
2.5089
2.6267
2.5287
2.4671
2.4386
2.4049
2.3922
2.4191
2.3346
2.3458
2.3654
2.3104
2.3237
2.3063
2.2140
2.2029
2.1981
2.2139
2.2437
2.2771
2.2220
2.2238
2.1522
2.1572
2.1519
2.1948
2.2531
2.3337
2.3460
2.3425
2.3662
2.2846
2.2721
2.2689
2.2662
2.2428
2.2968
2.2870
2.2618
2.2592
2.3303
2.2608
2.2726
2.2410
2.2687
2.2342
2.2687
2.2989
2.4300
2.4468
2.4100
2.5292
2.5291
2.4241
2.4762
2.6069
2.5848
2.5916
2.7258
2.7707
2.7127
2.4500
2.5016
2.4738
2.4654
2.5020
2.8399
2.6312
2.7492
2.7301
2.6137
2.5786
2.6575
2.5390
2.5276
2.6130
2.5524
2.5892
2.7158
2.7613
2.7156
2.8694
2.8201
2.8157
2.8032
2.7959
2.7553
2.7454
2.6328
2.6788
2.6178
2.5240
2.5753
2.6383
2.5567
2.5322
2.5263
2.5530
2.6142
2.5982
2.5947
2.7167
2.5250
2.4531
2.3973
2.4020
2.3070
2.2718
2.2097
2.2379
2.2410
2.1993
2.1467
2.1496
2.0537
1.9744
1.8885
1.8527
1.7799
1.7669
1.7574
1.7939
1.8038
1.8179
1.7724
1.7200
1.6370
1.5617
1.4967
1.4382
1.3856
1.3471
1.3038
1.2624
1.2248
1.1959
1.1714
1.1791
1.1973
1.2432
1.2821
1.2973
1.2661
1.2171
1.1522
1.1065
1.0669
1.0390
1.0154
0.9989
0.9727
0.9557
0.9434
0.9329
0.9183
0.9149
0.9144
0.9255
0.9462
0.9768
1.0028
1.0296
1.0263
1.0059
0.9799
0.9647
0.9419
0.9280
0.9168
0.9082
0.9003
0.8966
0.8949
0.8928
0.8927
0.8911
0.8898
0.8916
0.8918
0.8927
0.9002
0.9126
0.9224
0.9347
0.9412
0.9384
0.9300
0.9239
0.9220
0.9199
0.9205
0.9195
0.9182
0.9168
0.9166
0.9145
0.9163
0.9174
0.9169
0.9174
0.9190
0.9178
0.9169
0.9180
0.9200
0.9234
0.9297
0.9364
0.9417
0.9461
0.9474
0.9447
0.9427
0.9445
0.9446
0.9455
0.9469
0.9470
0.9469
0.9486
0.9485
0.9489
0.9514
0.9518
0.9514
0.9538
0.9558
0.9560
0.9571
0.9593
0.9606
0.9604
0.9609
0.9625
0.9658
0.9695
0.9732
0.9770
0.9792
0.9778
0.9740
0.9727
0.9729
0.9725
0.9735
0.9741
0.9734
0.9742
0.9751
0.9743
0.9755
0.9772
0.9761
0.9762
0.9776
0.9772
0.9764
0.9776
0.9790
0.9791
0.9795
0.9809
0.9818
0.9822
0.9829
0.9847
0.9879
0.9905
0.9919
0.9930
0.9925
0.9903
0.9880
0.9880
0.9877
0.9880
0.9879
0.9874
0.9872
0.9877
0.9870
0.9869
0.9879
0.9873
0.9867
0.9876
0.9877
0.9868
0.9868
0.9872
0.9869
0.9865
0.9872
0.9883
0.9892
0.9898
0.9905
0.9908
0.9910
0.9915
0.9934
0.9959
0.9975
0.9986
0.9990
0.9980
0.9960
0.9953
0.9948
0.9945
0.9946
0.9947
0.9945
0.9949
0.9951
0.9947
0.9954
0.9956
0.9952
0.9955
0.9960
0.9956
0.9957
0.9961
0.9964
0.9962
0.9963
0.9966
0.9965
0.9964
0.9965
0.9966
0.9965
0.9964
0.9963
0.9962
0.9962
0.9966
0.9974
0.9976
0.9976
0.9972
0.9964
0.9952
0.9947
0.9943
0.9940
0.9938
0.9933
0.9927
0.9925
0.9921
0.9916
0.9921
0.9928
0.9933
0.9943
0.9953
0.9954
0.9954
0.9957
0.9961
0.9966
0.9974
0.9983
0.9992
0.9997
0.9998
1.0001
1.0003
1.0003
1.0002
1.0005
1.0004
1.0004
1.0007
1.0010
1.0014
1.0018
1.0022
1.0022
1.0022
1.0019
1.0017
1.0014
1.0014
1.0012
1.0013
1.0013
1.0013
1.0014
1.0014
1.0012
1.0011
1.0008
1.0006
1.0005
1.0006
1.0005
1.0007
1.0008
1.0007
1.0007
1.0007
1.0007
1.0006
1.0006
1.0006
1.0004
1.0004
1.0003
1.0004
1.0004
1.0005
1.0006
1.0006
1.0004
1.0004
1.0002
0.9999
0.9997
0.9995
0.9991
0.9988
0.9987
0.9986
0.9987
0.9990
0.9992
0.9993
0.9996
0.9997
0.9999
1.0002
1.0006
1.0007
1.0012
1.0015
1.0018
1.0020
1.0024
1.0026
1.0029
1.0031
1.0034
1.0033
1.0034
1.0036
1.0037
1.0038
1.0041
1.0043
1.0043
1.0045
1.0045
1.0046
1.0046
1.0046
1.0046
1.0047
1.0045
1.0044
1.0044
1.0043
1.0043
1.0043
1.0043
1.0042
1.0042
1.0040
1.0041
1.0041
1.0041
1.0042
1.0043
1.0044
1.0043
1.0044
1.0044
1.0045
1.0046
1.0048
1.0049
1.0052
1.0054
1.0054
1.0054
1.0053
1.0052
1.0052
1.0052
1.0053
1.0054
1.0054
1.0054
1.0055
1.0055
1.0057
1.0058
1.0059
1.0058
1.0058
1.0058
1.0059
1.0059
1.0060
1.0060
1.0061
1.0059
1.0060
1.0060
1.0061
1.0060
1.0062
1.0063
1.0062
1.0062
1.0063
1.0062
1.0061
1.0061
1.0061
1.0060
1.0060
1.0061
1.0062
1.0061
1.0060
1.0060
1.0059
1.0058
1.0058
1.0056
1.0056
1.0056
1.0055
1.0054
1.0054
1.0053
1.0052
1.0053
1.0053
1.0054
1.0055
1.0055
1.0056
1.0057
1.0056
1.0058
1.0059
1.0059
1.0059
1.0060
1.0060
1.0059
1.0060
1.0061
1.0062
1.0062
1.0063
1.0063
1.0064
1.0064
1.0064
1.0064
1.0064
1.0064
1.0063
1.0063
1.0064
1.0064
1.0064
1.0065
1.0066
1.0066
1.0066
1.0067
1.0066
1.0066
1.0066
1.0065
1.0065
1.0065
1.0064
1.0063
1.0063
1.0062
1.0063
1.0063
1.0064
1.0065
1.0065
1.0064
1.0063
1.0063
1.0062
1.0060
1.0060
1.0059
1.0057
1.0056
1.0055
1.0053
1.0051
1.0049
1.0047
1.0045
1.0043
1.0043
1.0043
1.0045
1.0048
1.0049
1.0049
1.0049
1.0049
1.0048
1.0049
1.0050
1.0052
1.0053
1.0054
1.0055
1.0056
1.0057
1.0057
1.0059
1.0059
1.0059
1.0059
1.0060
1.0059
1.0059
1.0059
1.0060
1.0059
1.0060
1.0060
1.0060
1.0060
1.0059
1.0059
1.0059
1.0058
1.0058
1.0058
1.0058
1.0058
1.0057
1.0058
1.0058
1.0057
1.0057
1.0057
1.0056
1.0056
1.0057
1.0057
1.0057
1.0057
1.0058
1.0057
1.0058
1.0057
1.0057
1.0057
1.0056
1.0055
1.0055
1.0055
1.0055
1.0055
1.0055
1.0053
1.0052
1.0050
1.0050
1.0048
1.0049
1.0050
1.0050
1.0050
1.0051
1.0051
1.0051
1.0051
1.0052
1.0052
1.0053
1.0053
1.0052
1.0052
1.0053
1.0053
1.0054
1.0055
1.0055
1.0055
1.0055
1.0055
1.0054
1.0054
1.0054
1.0054
1.0054
1.0054
1.0054
1.0055
1.0055
1.0056
1.0056
1.0057
1.0056
1.0056
1.0055
1.0056
1.0055
1.0055
1.0055
1.0055
1.0055
1.0056
1.0057
1.0057
1.0057
1.0057
1.0056
1.0055
1.0054
1.0054
1.0055
1.0056
1.0057
1.0058
1.0057
1.0056
1.0055
1.0054
1.0054
1.0054
1.0055
1.0056
1.0057
1.0058
1.0059
1.0058
1.0058
1.0057
1.0056
1.0055
1.0054
1.0054
1.0054
1.0053
1.0053
1.0053
1.0052
1.0051
1.0052
1.0052
1.0052
1.0053
1.0054
1.0054
1.0054
1.0054
1.0054
1.0054
1.0054
1.0053
1.0054
1.0054
1.0055
1.0056
1.0057
1.0056
1.0056
1.0056
1.0057
1.0057
1.0058
1.0058
1.0058
1.0057
1.0057
1.0057
1.0056
1.0055
1.0055
1.0055
1.0054
1.0054
1.0054
1.0054
1.0052
1.0051
1.0049
1.0046
1.0043
1.0043
1.0043
1.0045
1.0048
1.0052
1.0053
1.0054
1.0054
1.0054
1.0053
1.0053
1.0053
1.0054
1.0054
1.0054
1.0056
1.0055
1.0056
1.0057
1.0058
1.0058
1.0059
1.0058
1.0059
1.0059
1.0059
1.0059
1.0060
1.0060
1.0059
1.0059
1.0060
1.0060
1.0059
1.0060
1.0060
1.0059
1.0059
1.0060
1.0061
1.0061
1.0062
1.0061
1.0061
1.0062
1.0062
1.0061
1.0061
1.0061
1.0060
1.0060
1.0060
1.0061
1.0062
1.0063
1.0063
1.0064
1.0064
1.0064
1.0064
1.0064
1.0064
1.0064
1.0064
1.0064
1.0063
1.0064
1.0063
1.0064
1.0065
1.0066
1.0066
1.0066
1.0066
1.0066
1.0065
1.0065
1.0066
1.0066
1.0065
1.0066
1.0067
1.0067
1.0067
1.0068
1.0069
1.0069
1.0068
1.0069
1.0068
1.0069
1.0068
1.0068
1.0069
1.0069
1.0068
1.0068
1.0068
1.0067
1.0067
1.0068
1.0069
1.0070
1.0069
1.0070
1.0071
1.0070
1.0070
1.0071
1.0071
1.0071
1.0072
1.0071
1.0071
1.0071
1.0070
1.0070
1.0070
1.0070
1.0070
1.0070
1.0070
1.0070
1.0071
1.0071
1.0071
1.0071
1.0071
1.0072
1.0072
1.0073
1.0072
1.0073
1.0073
1.0073
1.0073
1.0075
1.0075
1.0074
1.0074
1.0074
1.0074
1.0075
1.0075
1.0076
1.0076
1.0076
1.0075
1.0076
1.0076
1.0076
1.0075
1.0075
1.0075
1.0075
1.0075
1.0076
1.0076
1.0076
1.0076
1.0077
1.0077
1.0077
1.0079
1.0078
1.0078
1.0079
1.0079
1.0079
1.0079
1.0080
1.0079
1.0079
1.0078
1.0079
1.0079
1.0080
1.0080
1.0080
1.0081
1.0080
1.0079
1.0079
1.0079
1.0079
1.0079
1.0080
1.0082
1.0083
1.0083
1.0083
1.0083
1.0081
1.0080
1.0080
1.0080
1.0081
1.0081
1.0082
1.0083
1.0083
1.0083
1.0083
1.0082
1.0082
1.0082
1.0082
1.0081
1.0082
1.0082
1.0081
1.0081
1.0081
1.0081
1.0080
1.0080
1.0079
1.0079
1.0078
1.0079
1.0079
1.0080
1.0081
1.0083
1.0083
1.0083
1.0083
1.0082
1.0082
1.0082
1.0082
1.0083
1.0083
1.0084
1.0085
1.0086
1.0086
1.0086
1.0086
1.0086
1.0087
1.0088
1.0088
1.0087
1.0087
1.0086
1.0086
1.0085
1.0085
1.0085
1.0085
1.0086
1.0088
1.0089
1.0091
1.0091
1.0091
1.0091
1.0089
1.0088
1.0086
1.0086
1.0085
1.0087
1.0088
1.0087
1.0088
1.0089
1.0090
1.0091
1.0093
1.0093
1.0093
1.0092
1.0092
1.0091
1.0091
1.0090
1.0090
1.0089
1.0089
1.0089
1.0089
1.0089
1.0090
1.0090
1.0091
1.0092
1.0091
1.0091
1.0091
1.0090
1.0090
1.0091
1.0091
1.0092
1.0092
1.0093
1.0094
1.0094
1.0095
1.0095
1.0094
1.0093
1.0093
1.0092
1.0092
1.0091
1.0092
1.0092
1.0092
1.0093
1.0093
1.0094
1.0094
1.0094
1.0093
1.0094
1.0094
1.0094
1.0095
1.0095
1.0096
1.0095
1.0096
1.0095
1.0094
1.0094
1.0095
1.0095
1.0096
1.0097
1.0097
1.0096
1.0095
1.0096
1.0095
1.0096
1.0096
1.0096
1.0097
1.0097
1.0097
1.0097
1.0097
1.0097
1.0097
1.0097
1.0097
1.0099
1.0099
1.0099
1.0099
1.0099
1.0097
1.0097
1.0097
1.0098
1.0100
1.0100
1.0100
1.0101
1.0101
1.0100
1.0100
1.0100
1.0100
1.0100
1.0101
1.0102
1.0102
1.0103
1.0103
1.0103
1.0104
1.0104
1.0105
1.0106
1.0105
1.0104
1.0104
1.0103
1.0102
1.0102
1.0103
1.0104
1.0104
1.0104
1.0104
1.0104
1.0104
1.0104
1.0105
1.0106
1.0106
1.0105
1.0106
1.0106
1.0106
1.0106
1.0107
1.0107
1.0106
1.0106
1.0107
1.0108
1.0108
1.0108
1.0109
1.0109
1.0109
1.0109
1.0109
1.0109
1.0109
1.0110
1.0110
1.0110
1.0110
1.0110
1.0110
1.0111
1.0112
1.0112
1.0112
1.0112
1.0112
1.0113
1.0112
1.0111
1.0111
1.0111
1.0111
1.0112
1.0112
1.0112
1.0112
1.0113
1.0113
1.0113
1.0114
1.0114
1.0114
1.0115
1.0115
1.0115
1.0115
1.0116
1.0116
1.0117
1.0117
1.0117
1.0117
1.0117
1.0118
1.0118
1.0118
1.0119
1.0118
1.0118
1.0118
1.0118
1.0118
1.0118
1.0119
1.0119
1.0119
1.0119
1.0119
1.0119
1.0119
1.0120
1.0121
1.0121
1.0121
1.0121
1.0121
1.0121
1.0122
1.0122
1.0122
1.0122
1.0122
1.0121
1.0122
1.0122
1.0122
1.0123
1.0123
1.0123
1.0124
1.0123
1.0124
1.0125
1.0125
1.0125
1.0127
1.0127
1.0126
1.0126
1.0125
1.0124
1.0124
1.0125
1.0126
1.0127
1.0127
1.0127
1.0127
1.0126
1.0125
1.0126
1.0126
1.0125
1.0126
1.0127
1.0127
1.0128
1.0129
1.0129
1.0130
1.0130
1.0129
1.0129
1.0130
1.0130
1.0131
1.0131
1.0131
1.0131
1.0131
1.0131
1.0131
1.0131
1.0131
1.0132
1.0133
1.0133
1.0134
1.0134
1.0134
1.0134
1.0135
1.0134
1.0134
1.0134
1.0133
1.0133
1.0132
1.0132
1.0133
1.0134
1.0135
1.0135
1.0136
1.0136
1.0136
1.0136
1.0137
1.0137
1.0137
1.0136
1.0136
1.0137
1.0137
1.0137
1.0137
1.0137
1.0137
1.0137
1.0137
1.0138
1.0138
1.0138
1.0138
1.0138
1.0138
1.0138
1.0138
1.0138
1.0138
1.0139
1.0139
1.0141
1.0141
1.0142
1.0143
1.0143
1.0142
1.0142
1.0142
1.0143
1.0143
1.0143
1.0143
1.0142
1.0142
1.0143
1.0144
1.0145
1.0145
1.0145
1.0144
1.0143
1.0143
1.0143
1.0144
1.0144
1.0145
1.0144
1.0144
1.0143
1.0143
1.0143
1.0144
1.0144
1.0144
1.0143
1.0144
1.0143
1.0145
1.0146
1.0147
1.0147
1.0147
1.0146
1.0146
1.0147
1.0146
1.0145
1.0146
1.0147
1.0146
1.0146
1.0147
1.0147
1.0148
1.0149
1.0150
1.0150
1.0150
1.0149
1.0149
1.0149
1.0150
1.0150
1.0150
1.0151
1.0151
1.0150
1.0151
1.0151
1.0151
1.0151
1.0150
1.0151
1.0151
1.0151
1.0153
1.0154
1.0153
1.0153
1.0152
1.0151
1.0151
1.0152
1.0152
1.0154
1.0153
1.0152
1.0152
1.0152
1.0152
1.0153
1.0154
1.0154
1.0155
1.0154
1.0153
1.0154
1.0155
1.0154
1.0155
1.0155
1.0154
1.0155
1.0156
1.0156
1.0156
1.0156
1.0155
1.0154
1.0154
1.0155
1.0155
1.0155
1.0154
1.0156
1.0157
1.0158
1.0159
1.0160
1.0159
1.0158
1.0159
1.0158
1.0158
1.0158
1.0158
1.0157
1.0157
1.0159
1.0159
1.0159
1.0159
1.0158
1.0159
1.0159
1.0160
1.0160
1.0160
1.0161
1.0161
1.0161
1.0161
1.0161
1.0160
1.0159
1.0159
1.0159
1.0162
1.0162
1.0163
1.0163
1.0162
1.0160
1.0159
1.0159
1.0159
1.0160
1.0160
1.0163
1.0163
1.0163
1.0163
1.0164
1.0163
1.0162
1.0162
1.0163
1.0163
1.0161
1.0163
1.0164
1.0163
1.0164
1.0167
1.0166
1.0166
1.0167
1.0167
1.0166
1.0165
1.0164
1.0164
1.0164
1.0164
1.0165
1.0166
1.0166
1.0166
1.0165
1.0165
1.0164
1.0167
1.0167
1.0168
1.0169
1.0170
1.0167
1.0165
1.0165
1.0166
1.0167
1.0169
1.0170
1.0172
1.0171
1.0169
1.0168
1.0169
1.0168
1.0169
1.0171
1.0171
1.0169
1.0171
1.0170
1.0169
1.0169
1.0171
1.0171
1.0174
1.0176
1.0175
1.0175
1.0173
1.0171
1.0170
1.0171
1.0171
1.0171
1.0172
1.0172
1.0172
1.0173
1.0174
1.0177
1.0178
1.0178
1.0177
1.0177
1.0174
1.0174
1.0175
1.0175
1.0176
1.0176
1.0177
1.0177
1.0177
1.0177
1.0176
1.0175
1.0175
1.0175
1.0176
1.0177
1.0177
1.0177
1.0178
1.0177
1.0178
1.0177
1.0178
1.0177
1.0176
1.0177
1.0176
1.0176
1.0177
1.0178
1.0179
1.0182
1.0181
1.0180
1.0180
1.0180
1.0178
1.0179
1.0179
1.0180
1.0179
1.0180
1.0180
1.0180
1.0180
1.0181
1.0181
1.0181
1.0179
1.0181
1.0178
1.0180
1.0182
1.0184
1.0183
1.0185
1.0183
1.0182
1.0182
1.0184
1.0185
1.0185
1.0184
1.0184
1.0183
1.0182
1.0185
1.0187
1.0188
1.0188
1.0187
1.0184
1.0183
1.0184
1.0185
1.0185
1.0186
1.0187
1.0185
1.0184
1.0185
1.0185
1.0184
1.0186
1.0187
1.0188
1.0187
1.0187
1.0186
1.0185
1.0184
1.0184
1.0185
1.0188
1.0190
1.0191
1.0192
1.0193
1.0191
1.0190
1.0191
1.0191
1.0190
1.0190
1.0189
1.0189
1.0189
1.0192
1.0192
1.0194
1.0195
1.0195
1.0193
1.0194
1.0193
1.0193
1.0192
1.0193
1.0194
1.0193
1.0192
1.0192
1.0193
1.0192
1.0194
1.0194
1.0195
1.0195
1.0194
1.0193
1.0194
1.0194
1.0195
1.0195
1.0194
1.0194
1.0195
1.0195
1.0194
1.0197
1.0198
1.0198
1.0199
1.0200
1.0198
1.0198
1.0200
1.0199
1.0198
1.0199
1.0198
1.0197
1.0198
1.0199
1.0199
1.0200
1.0199
1.0199
1.0201
1.0203
1.0203
1.0205
1.0204
1.0204
1.0201
1.0201
1.0201
1.0202
1.0201
1.0201
1.0202
1.0201
1.0200
1.0201
1.0203
1.0207
1.0209
1.0211
1.0212
1.0210
1.0206
1.0204
1.0203
1.0202
1.0204
1.0205
1.0205
1.0206
1.0207
1.0204
1.0202
1.0200
1.0196
1.0194
1.0196
1.0199
1.0201
1.0205
1.0207
1.0208
1.0207
1.0208
1.0210
1.0209
1.0211
1.0211
1.0210
1.0210
1.0210
1.0211
1.0211
1.0211
1.0209
1.0210
1.0209
1.0208
1.0209
1.0209
1.0209
1.0208
1.0209
1.0208
1.0207
1.0206
1.0208
1.0211
1.0211
1.0213
1.0213
1.0211
1.0209
1.0210
1.0218
1.0220
1.0221
1.0221
1.0221
1.0212
1.0213
1.0214
1.0215
1.0217
1.0217
1.0217
1.0217
1.0217
1.0216
1.0219
1.0218
1.0218
1.0218
1.0215
1.0213
1.0212
1.0213
1.0214
1.0218
1.0219
1.0219
1.0217
1.0217
1.0216
1.0215
1.0215
1.0217
1.0217
1.0218
1.0221
1.0220
1.0218
1.0217
1.0217
1.0216
1.0218
1.0219
1.0219
1.0219
1.0219
1.0219
1.0218
1.0221
1.0219
1.0219
1.0220
1.0222
1.0222
1.0224
1.0223
1.0221
1.0217
1.0215
1.0214
1.0217
1.0217
1.0218
1.0217
1.0216
1.0213
1.0214
1.0215
1.0217
1.0215
1.0216
1.0216
1.0216
1.0217
1.0219
1.0220
1.0223
1.0221
1.0223
1.0221
1.0219
1.0216
1.0217
1.0215
1.0216
1.0219
1.0217
1.0216
1.0213
1.0209
1.0206
1.0205
1.0205
1.0209
1.0210
1.0213
1.0214
1.0219
1.0219
1.0217
1.0227
1.0252
1.0255
1.0284
1.0419
1.1127
1.0386
1.0472
