1.0217
1.0650
1.0349
0.7696
-0.4661
-9.5480
4.1671
3.8080
3.8155
4.1293
4.5275
4.8710
5.1685
4.7747
4.3830
4.8303
4.5325
4.6634
5.4842
5.7654
4.1873
3.8014
3.7092
3.6224
3.3955
3.9486
3.9268
3.7051
3.6656
4.3862
4.0417
5.0965
5.3472
5.9649
3.6401
3.6229
3.2220
3.1192
2.8613
3.1252
3.1371
3.3818
3.3821
3.4626
3.8481
3.9498
3.2912
3.3737
3.2402
2.8665
2.8887
2.9788
2.8177
2.7513
3.0185
2.8034
2.8358
2.8823
2.8675
2.8142
2.9443
2.9665
3.1958
3.2821
3.2232
3.2301
3.2200
3.2135
3.3300
3.3358
3.1182
2.9346
2.8472
2.7131
2.6569
2.7773
2.9140
2.7344
2.8371
2.6638
2.6334
2.5425
2.6497
2.6593
2.6814
2.6563
2.6653
2.6220
2.5412
2.7532
2.7054
2.6685
2.6207
2.6861
2.5969
2.6298
2.7017
2.6620
2.6705
2.6520
2.5898
2.5388
2.6424
2.4907
2.4761
2.5370
2.5950
2.5087
2.6264
2.5284
2.4664
2.4382
2.4047
2.3923
2.4190
2.3343
2.3460
2.3658
2.3107
2.3239
2.3066
2.2135
2.2024
2.1978
2.2140
2.2440
2.2775
2.2220
2.2240
2.1520
2.1570
2.1523
2.1953
2.2533
2.3340
2.3463
2.3426
2.3660
2.2843
2.2716
2.2686
2.2656
2.2425
2.2965
2.2873
2.2622
2.2595
2.3304
2.2610
2.2726
2.2406
2.2685
2.2343
2.2688
2.2993
2.4304
2.4474
2.4109
2.5301
2.5299
2.4248
2.4769
2.6069
2.5847
2.5913
2.7254
2.7706
2.7130
2.4504
2.5019
2.4738
2.4655
2.5021
2.8404
2.6319
2.7503
2.7312
2.6144
2.5791
2.6580
2.5396
2.5279
2.6139
2.5531
2.5896
2.7164
2.7619
2.7156
2.8693
2.8196
2.8149
2.8025
2.7946
2.7543
2.7448
2.6321
2.6787
2.6181
2.5241
2.5753
2.6383
2.5564
2.5317
2.5256
2.5527
2.6143
2.5982
2.5946
2.7168
2.5246
2.4527
2.3968
2.4018
2.3068
2.2717
2.2094
2.2376
2.2404
2.1987
2.1465
2.1490
2.0532
1.9736
1.8879
1.8520
1.7792
1.7661
1.7573
1.7939
1.8034
1.8177
1.7721
1.7194
1.6366
1.5617
1.4967
1.4383
1.3858
1.3472
1.3038
1.2625
1.2249
1.1958
1.1712
1.1790
1.1971
1.2431
1.2819
1.2973
1.2660
1.2168
1.1520
1.1063
1.0668
1.0390
1.0156
0.9990
0.9728
0.9555
0.9433
0.9328
0.9183
0.9148
0.9144
0.9256
0.9462
0.9768
1.0029
1.0298
1.0264
1.0059
0.9798
0.9645
0.9417
0.9279
0.9169
0.9082
0.9003
0.8967
0.8950
0.8928
0.8928
0.8912
0.8898
0.8917
0.8918
0.8927
0.9002
0.9126
0.9224
0.9348
0.9413
0.9385
0.9301
0.9241
0.9221
0.9201
0.9206
0.9195
0.9182
0.9169
0.9167
0.9146
0.9164
0.9175
0.9170
0.9174
0.9190
0.9178
0.9170
0.9180
0.9200
0.9235
0.9297
0.9365
0.9417
0.9462
0.9475
0.9448
0.9428
0.9446
0.9447
0.9455
0.9469
0.9470
0.9469
0.9487
0.9485
0.9490
0.9515
0.9518
0.9514
0.9538
0.9558
0.9560
0.9571
0.9594
0.9607
0.9604
0.9609
0.9625
0.9658
0.9695
0.9733
0.9770
0.9792
0.9778
0.9740
0.9727
0.9729
0.9726
0.9735
0.9741
0.9735
0.9743
0.9751
0.9743
0.9755
0.9772
0.9761
0.9763
0.9776
0.9772
0.9764
0.9776
0.9790
0.9790
0.9795
0.9809
0.9818
0.9822
0.9829
0.9847
0.9879
0.9905
0.9919
0.9930
0.9925
0.9903
0.9880
0.9880
0.9877
0.9880
0.9879
0.9874
0.9872
0.9877
0.9870
0.9869
0.9879
0.9873
0.9867
0.9876
0.9877
0.9868
0.9868
0.9872
0.9869
0.9865
0.9871
0.9883
0.9892
0.9898
0.9905
0.9908
0.9910
0.9915
0.9934
0.9959
0.9975
0.9987
0.9991
0.9980
0.9961
0.9953
0.9948
0.9945
0.9946
0.9947
0.9945
0.9949
0.9951
0.9947
0.9954
0.9956
0.9953
0.9955
0.9960
0.9956
0.9957
0.9961
0.9963
0.9961
0.9963
0.9966
0.9965
0.9964
0.9965
0.9966
0.9965
0.9964
0.9963
0.9962
0.9961
0.9966
0.9973
0.9976
0.9976
0.9972
0.9964
0.9952
0.9947
0.9943
0.9940
0.9938
0.9933
0.9927
0.9925
0.9921
0.9916
0.9921
0.9928
0.9933
0.9943
0.9953
0.9954
0.9954
0.9957
0.9961
0.9966
0.9974
0.9983
0.9991
0.9997
0.9998
1.0001
1.0003
1.0002
1.0002
1.0005
1.0004
1.0004
1.0007
1.0010
1.0014
1.0018
1.0022
1.0022
1.0022
1.0019
1.0016
1.0014
1.0014
1.0012
1.0013
1.0013
1.0013
1.0014
1.0014
1.0012
1.0011
1.0008
1.0006
1.0005
1.0005
1.0005
1.0007
1.0008
1.0007
1.0007
1.0007
1.0007
1.0006
1.0006
1.0005
1.0004
1.0004
1.0003
1.0004
1.0004
1.0005
1.0006
1.0006
1.0004
1.0003
1.0002
0.9999
0.9997
0.9995
0.9991
0.9988
0.9986
0.9986
0.9987
0.9990
0.9992
0.9993
0.9996
0.9997
1.0000
1.0002
1.0006
1.0007
1.0012
1.0014
1.0018
1.0020
1.0024
1.0026
1.0029
1.0031
1.0033
1.0033
1.0034
1.0036
1.0037
1.0038
1.0041
1.0043
1.0043
1.0045
1.0045
1.0046
1.0046
1.0046
1.0046
1.0046
1.0045
1.0044
1.0044
1.0043
1.0043
1.0043
1.0043
1.0042
1.0042
1.0041
1.0041
1.0041
1.0041
1.0042
1.0043
1.0043
1.0043
1.0044
1.0044
1.0045
1.0046
1.0048
1.0049
1.0052
1.0054
1.0054
1.0054
1.0053
1.0052
1.0052
1.0053
1.0053
1.0053
1.0054
1.0054
1.0054
1.0055
1.0057
1.0058
1.0059
1.0058
1.0058
1.0058
1.0059
1.0059
1.0060
1.0060
1.0061
1.0060
1.0060
1.0061
1.0061
1.0060
1.0061
1.0062
1.0062
1.0062
1.0063
1.0062
1.0061
1.0061
1.0061
1.0060
1.0060
1.0061
1.0062
1.0061
1.0060
1.0060
1.0059
1.0058
1.0058
1.0056
1.0056
1.0055
1.0055
1.0054
1.0054
1.0052
1.0052
1.0053
1.0053
1.0054
1.0055
1.0055
1.0056
1.0057
1.0056
1.0058
1.0059
1.0059
1.0059
1.0060
1.0060
1.0059
1.0060
1.0061
1.0062
1.0061
1.0063
1.0063
1.0064
1.0064
1.0064
1.0064
1.0064
1.0064
1.0063
1.0063
1.0064
1.0064
1.0064
1.0065
1.0066
1.0066
1.0067
1.0067
1.0066
1.0066
1.0066
1.0065
1.0065
1.0065
1.0064
1.0063
1.0063
1.0062
1.0063
1.0063
1.0064
1.0065
1.0065
1.0064
1.0063
1.0063
1.0061
1.0060
1.0060
1.0059
1.0058
1.0056
1.0055
1.0053
1.0051
1.0049
1.0047
1.0045
1.0043
1.0043
1.0043
1.0045
1.0048
1.0049
1.0049
1.0049
1.0048
1.0048
1.0049
1.0050
1.0052
1.0053
1.0054
1.0055
1.0056
1.0057
1.0057
1.0059
1.0059
1.0058
1.0059
1.0059
1.0058
1.0059
1.0059
1.0060
1.0059
1.0060
1.0059
1.0060
1.0060
1.0059
1.0059
1.0059
1.0058
1.0058
1.0058
1.0058
1.0058
1.0057
1.0058
1.0058
1.0057
1.0057
1.0057
1.0056
1.0056
1.0057
1.0057
1.0057
1.0057
1.0058
1.0057
1.0058
1.0057
1.0057
1.0056
1.0056
1.0055
1.0055
1.0055
1.0055
1.0055
1.0055
1.0053
1.0052
1.0050
1.0050
1.0048
1.0049
1.0050
1.0050
1.0050
1.0051
1.0051
1.0051
1.0051
1.0051
1.0052
1.0052
1.0053
1.0052
1.0052
1.0053
1.0053
1.0054
1.0055
1.0055
1.0055
1.0055
1.0055
1.0055
1.0054
1.0054
1.0054
1.0054
1.0054
1.0054
1.0055
1.0055
1.0056
1.0056
1.0057
1.0056
1.0056
1.0055
1.0055
1.0055
1.0055
1.0055
1.0055
1.0055
1.0056
1.0057
1.0057
1.0057
1.0057
1.0056
1.0055
1.0054
1.0054
1.0055
1.0056
1.0057
1.0058
1.0058
1.0056
1.0055
1.0055
1.0054
1.0054
1.0055
1.0056
1.0057
1.0058
1.0059
1.0058
1.0058
1.0057
1.0056
1.0055
1.0054
1.0054
1.0054
1.0053
1.0053
1.0053
1.0052
1.0051
1.0052
1.0052
1.0052
1.0053
1.0054
1.0054
1.0054
1.0054
1.0054
1.0054
1.0054
1.0053
1.0054
1.0054
1.0055
1.0056
1.0057
1.0056
1.0056
1.0056
1.0057
1.0057
1.0058
1.0058
1.0058
1.0057
1.0057
1.0057
1.0056
1.0055
1.0055
1.0055
1.0054
1.0054
1.0054
1.0054
1.0052
1.0051
1.0049
1.0046
1.0044
1.0043
1.0043
1.0045
1.0048
1.0052
1.0053
1.0054
1.0054
1.0054
1.0053
1.0053
1.0053
1.0054
1.0054
1.0054
1.0056
1.0055
1.0056
1.0057
1.0057
1.0058
1.0058
1.0058
1.0058
1.0059
1.0059
1.0059
1.0060
1.0059
1.0059
1.0059
1.0060
1.0060
1.0059
1.0059
1.0060
1.0059
1.0059
1.0060
1.0061
1.0061
1.0061
1.0061
1.0061
1.0061
1.0062
1.0061
1.0062
1.0061
1.0060
1.0060
1.0060
1.0061
1.0062
1.0063
1.0063
1.0063
1.0064
1.0064
1.0064
1.0064
1.0064
1.0064
1.0064
1.0064
1.0063
1.0064
1.0063
1.0064
1.0065
1.0065
1.0066
1.0066
1.0066
1.0066
1.0065
1.0065
1.0066
1.0066
1.0065
1.0066
1.0066
1.0067
1.0067
1.0068
1.0069
1.0069
1.0068
1.0069
1.0068
1.0069
1.0068
1.0069
1.0069
1.0069
1.0068
1.0068
1.0068
1.0067
1.0068
1.0068
1.0069
1.0070
1.0069
1.0069
1.0070
1.0070
1.0070
1.0071
1.0071
1.0071
1.0072
1.0071
1.0071
1.0070
1.0070
1.0070
1.0070
1.0070
1.0070
1.0070
1.0070
1.0070
1.0071
1.0071
1.0071
1.0071
1.0071
1.0072
1.0072
1.0073
1.0072
1.0073
1.0073
1.0073
1.0073
1.0075
1.0075
1.0074
1.0074
1.0074
1.0074
1.0075
1.0075
1.0076
1.0076
1.0076
1.0075
1.0076
1.0076
1.0076
1.0075
1.0075
1.0075
1.0075
1.0075
1.0076
1.0076
1.0076
1.0076
1.0077
1.0077
1.0077
1.0079
1.0078
1.0078
1.0078
1.0079
1.0079
1.0080
1.0080
1.0079
1.0079
1.0078
1.0079
1.0079
1.0080
1.0080
1.0080
1.0081
1.0080
1.0079
1.0079
1.0079
1.0079
1.0079
1.0080
1.0082
1.0083
1.0083
1.0083
1.0083
1.0081
1.0080
1.0080
1.0080
1.0081
1.0081
1.0082
1.0083
1.0083
1.0083
1.0083
1.0082
1.0082
1.0082
1.0082
1.0081
1.0082
1.0082
1.0081
1.0081
1.0081
1.0081
1.0080
1.0080
1.0079
1.0079
1.0078
1.0079
1.0079
1.0080
1.0081
1.0083
1.0083
1.0083
1.0083
1.0082
1.0082
1.0082
1.0082
1.0083
1.0083
1.0084
1.0085
1.0086
1.0086
1.0086
1.0086
1.0086
1.0087
1.0088
1.0088
1.0087
1.0087
1.0086
1.0086
1.0085
1.0085
1.0085
1.0085
1.0086
1.0088
1.0089
1.0091
1.0091
1.0091
1.0091
1.0090
1.0088
1.0086
1.0086
1.0085
1.0086
1.0087
1.0087
1.0088
1.0089
1.0090
1.0091
1.0093
1.0093
1.0093
1.0092
1.0092
1.0091
1.0091
1.0090
1.0090
1.0089
1.0089
1.0089
1.0089
1.0090
1.0090
1.0090
1.0091
1.0092
1.0091
1.0091
1.0091
1.0090
1.0090
1.0091
1.0091
1.0092
1.0092
1.0093
1.0094
1.0094
1.0095
1.0094
1.0094
1.0093
1.0093
1.0092
1.0092
1.0091
1.0092
1.0092
1.0092
1.0093
1.0093
1.0094
1.0094
1.0094
1.0093
1.0094
1.0094
1.0094
1.0095
1.0095
1.0096
1.0095
1.0096
1.0095
1.0094
1.0094
1.0095
1.0095
1.0095
1.0097
1.0097
1.0096
1.0095
1.0096
1.0095
1.0096
1.0096
1.0096
1.0097
1.0097
1.0096
1.0097
1.0097
1.0097
1.0097
1.0097
1.0097
1.0099
1.0099
1.0099
1.0099
1.0098
1.0097
1.0097
1.0097
1.0098
1.0100
1.0100
1.0100
1.0101
1.0101
1.0100
1.0100
1.0100
1.0100
1.0101
1.0101
1.0102
1.0102
1.0103
1.0103
1.0103
1.0104
1.0104
1.0104
1.0105
1.0105
1.0104
1.0104
1.0103
1.0102
1.0102
1.0103
1.0104
1.0104
1.0105
1.0104
1.0104
1.0104
1.0104
1.0105
1.0106
1.0106
1.0105
1.0106
1.0106
1.0106
1.0106
1.0107
1.0107
1.0107
1.0106
1.0107
1.0108
1.0108
1.0108
1.0109
1.0109
1.0109
1.0109
1.0109
1.0109
1.0109
1.0110
1.0110
1.0110
1.0110
1.0110
1.0110
1.0111
1.0112
1.0112
1.0112
1.0112
1.0112
1.0113
1.0112
1.0112
1.0111
1.0111
1.0111
1.0112
1.0112
1.0112
1.0112
1.0113
1.0113
1.0113
1.0114
1.0114
1.0114
1.0115
1.0115
1.0115
1.0115
1.0116
1.0116
1.0117
1.0117
1.0117
1.0117
1.0117
1.0118
1.0118
1.0118
1.0119
1.0118
1.0118
1.0118
1.0118
1.0118
1.0118
1.0119
1.0119
1.0119
1.0119
1.0119
1.0119
1.0119
1.0120
1.0121
1.0121
1.0121
1.0121
1.0121
1.0121
1.0122
1.0122
1.0122
1.0122
1.0122
1.0121
1.0122
1.0122
1.0122
1.0122
1.0123
1.0122
1.0123
1.0123
1.0124
1.0125
1.0125
1.0125
1.0127
1.0127
1.0126
1.0126
1.0125
1.0124
1.0124
1.0125
1.0126
1.0127
1.0127
1.0127
1.0127
1.0126
1.0125
1.0126
1.0126
1.0125
1.0126
1.0127
1.0127
1.0128
1.0129
1.0129
1.0130
1.0130
1.0129
1.0129
1.0130
1.0130
1.0131
1.0131
1.0131
1.0131
1.0131
1.0131
1.0131
1.0131
1.0131
1.0132
1.0133
1.0133
1.0134
1.0134
1.0134
1.0134
1.0135
1.0135
1.0135
1.0134
1.0133
1.0133
1.0132
1.0132
1.0133
1.0134
1.0135
1.0135
1.0136
1.0136
1.0136
1.0136
1.0137
1.0137
1.0137
1.0136
1.0136
1.0136
1.0136
1.0137
1.0137
1.0137
1.0137
1.0137
1.0137
1.0137
1.0138
1.0138
1.0138
1.0138
1.0139
1.0138
1.0138
1.0138
1.0138
1.0139
1.0139
1.0141
1.0141
1.0142
1.0143
1.0143
1.0142
1.0142
1.0142
1.0143
1.0143
1.0143
1.0143
1.0142
1.0142
1.0144
1.0144
1.0145
1.0145
1.0145
1.0144
1.0143
1.0143
1.0143
1.0144
1.0144
1.0145
1.0144
1.0144
1.0143
1.0143
1.0143
1.0144
1.0144
1.0144
1.0143
1.0144
1.0143
1.0144
1.0145
1.0147
1.0147
1.0147
1.0146
1.0146
1.0147
1.0146
1.0146
1.0146
1.0147
1.0146
1.0146
1.0147
1.0147
1.0148
1.0149
1.0150
1.0150
1.0150
1.0149
1.0149
1.0150
1.0150
1.0149
1.0150
1.0151
1.0151
1.0150
1.0151
1.0151
1.0151
1.0151
1.0150
1.0151
1.0151
1.0151
1.0152
1.0154
1.0153
1.0153
1.0152
1.0151
1.0151
1.0152
1.0153
1.0154
1.0153
1.0153
1.0152
1.0152
1.0152
1.0153
1.0154
1.0154
1.0155
1.0154
1.0153
1.0154
1.0155
1.0154
1.0155
1.0155
1.0154
1.0155
1.0157
1.0156
1.0156
1.0156
1.0156
1.0154
1.0154
1.0155
1.0155
1.0155
1.0154
1.0156
1.0157
1.0158
1.0159
1.0160
1.0159
1.0158
1.0159
1.0158
1.0158
1.0158
1.0158
1.0157
1.0158
1.0159
1.0159
1.0159
1.0159
1.0159
1.0159
1.0159
1.0159
1.0160
1.0160
1.0161
1.0161
1.0161
1.0161
1.0161
1.0160
1.0159
1.0158
1.0159
1.0162
1.0162
1.0163
1.0163
1.0162
1.0160
1.0159
1.0159
1.0159
1.0160
1.0160
1.0163
1.0163
1.0163
1.0163
1.0164
1.0164
1.0162
1.0163
1.0163
1.0163
1.0161
1.0163
1.0164
1.0164
1.0165
1.0167
1.0166
1.0166
1.0167
1.0167
1.0166
1.0165
1.0165
1.0164
1.0164
1.0164
1.0165
1.0166
1.0166
1.0166
1.0165
1.0165
1.0164
1.0167
1.0168
1.0169
1.0169
1.0170
1.0167
1.0165
1.0165
1.0166
1.0167
1.0168
1.0170
1.0172
1.0171
1.0169
1.0168
1.0169
1.0168
1.0169
1.0171
1.0171
1.0170
1.0171
1.0170
1.0169
1.0169
1.0171
1.0171
1.0174
1.0176
1.0175
1.0175
1.0173
1.0171
1.0170
1.0171
1.0171
1.0171
1.0172
1.0172
1.0173
1.0173
1.0174
1.0177
1.0178
1.0178
1.0178
1.0177
1.0174
1.0174
1.0175
1.0175
1.0176
1.0176
1.0177
1.0177
1.0177
1.0177
1.0176
1.0175
1.0175
1.0175
1.0176
1.0176
1.0177
1.0177
1.0178
1.0177
1.0178
1.0177
1.0178
1.0177
1.0176
1.0177
1.0176
1.0176
1.0177
1.0179
1.0180
1.0182
1.0181
1.0180
1.0180
1.0180
1.0178
1.0179
1.0179
1.0180
1.0179
1.0180
1.0180
1.0180
1.0180
1.0181
1.0181
1.0181
1.0179
1.0180
1.0178
1.0180
1.0182
1.0184
1.0183
1.0184
1.0183
1.0182
1.0182
1.0184
1.0185
1.0185
1.0184
1.0184
1.0182
1.0182
1.0185
1.0187
1.0188
1.0188
1.0187
1.0185
1.0183
1.0184
1.0185
1.0185
1.0186
1.0187
1.0185
1.0184
1.0185
1.0185
1.0184
1.0186
1.0187
1.0187
1.0187
1.0187
1.0186
1.0185
1.0184
1.0184
1.0185
1.0188
1.0190
1.0191
1.0192
1.0193
1.0191
1.0191
1.0191
1.0192
1.0190
1.0190
1.0189
1.0189
1.0190
1.0192
1.0192
1.0194
1.0194
1.0195
1.0193
1.0193
1.0193
1.0193
1.0192
1.0193
1.0194
1.0193
1.0193
1.0192
1.0193
1.0192
1.0194
1.0194
1.0194
1.0194
1.0194
1.0193
1.0194
1.0194
1.0195
1.0195
1.0194
1.0194
1.0195
1.0195
1.0194
1.0197
1.0198
1.0198
1.0199
1.0200
1.0198
1.0198
1.0200
1.0199
1.0198
1.0200
1.0198
1.0197
1.0198
1.0199
1.0199
1.0200
1.0200
1.0199
1.0201
1.0203
1.0203
1.0205
1.0205
1.0204
1.0201
1.0202
1.0201
1.0203
1.0201
1.0201
1.0202
1.0201
1.0200
1.0201
1.0203
1.0207
1.0209
1.0211
1.0213
1.0210
1.0206
1.0204
1.0203
1.0202
1.0204
1.0206
1.0205
1.0206
1.0207
1.0204
1.0202
1.0200
1.0196
1.0194
1.0196
1.0199
1.0201
1.0205
1.0208
1.0208
1.0207
1.0208
1.0210
1.0209
1.0211
1.0211
1.0210
1.0210
1.0210
1.0211
1.0211
1.0211
1.0209
1.0210
1.0209
1.0208
1.0209
1.0209
1.0208
1.0208
1.0209
1.0208
1.0207
1.0205
1.0208
1.0211
1.0211
1.0213
1.0214
1.0211
1.0209
1.0210
1.0218
1.0220
1.0221
1.0221
1.0221
1.0212
1.0213
1.0214
1.0215
1.0217
1.0217
1.0217
1.0217
1.0217
1.0216
1.0219
1.0218
1.0218
1.0218
1.0215
1.0213
1.0211
1.0213
1.0213
1.0218
1.0219
1.0219
1.0217
1.0217
1.0216
1.0215
1.0215
1.0217
1.0216
1.0218
1.0221
1.0220
1.0218
1.0217
1.0217
1.0216
1.0217
1.0219
1.0219
1.0219
1.0219
1.0219
1.0218
1.0221
1.0219
1.0219
1.0220
1.0222
1.0222
1.0224
1.0222
1.0220
1.0217
1.0215
1.0214
1.0216
1.0217
1.0218
1.0217
1.0216
1.0213
1.0214
1.0215
1.0217
1.0215
1.0216
1.0216
1.0216
1.0217
1.0220
1.0220
1.0223
1.0221
1.0223
1.0221
1.0219
1.0216
1.0217
1.0215
1.0216
1.0219
1.0218
1.0216
1.0213
1.0210
1.0206
1.0205
1.0205
1.0208
1.0210
1.0213
1.0214
1.0219
1.0219
1.0218
1.0227
1.0252
1.0255
1.0284
1.0418
1.1127
1.0383
1.0478
