1.0217
1.0650
1.0349
0.7689
-0.4691
-9.5584
4.1693
3.8097
3.8154
4.1289
4.5286
4.8728
5.1691
4.7750
4.3833
4.8302
4.5326
4.6626
5.4834
5.7639
4.1861
3.7997
3.7082
3.6221
3.3956
3.9487
3.9276
3.7062
3.6670
4.3864
4.0439
5.0995
5.3500
5.9664
3.6418
3.6228
3.2221
3.1187
2.8611
3.1250
3.1375
3.3822
3.3836
3.4643
3.8500
3.9507
3.2919
3.3744
3.2402
2.8668
2.8889
2.9787
2.8175
2.7515
3.0185
2.8040
2.8367
2.8834
2.8679
2.8144
2.9444
2.9663
3.1955
3.2826
3.2236
3.2298
3.2197
3.2128
3.3294
3.3357
3.1188
2.9353
2.8478
2.7137
2.6573
2.7778
2.9143
2.7344
2.8373
2.6645
2.6339
2.5432
2.6510
2.6603
2.6827
2.6575
2.6663
2.6231
2.5419
2.7534
2.7053
2.6689
2.6209
2.6866
2.5976
2.6310
2.7025
2.6631
2.6713
2.6523
2.5899
2.5385
2.6415
2.4903
2.4757
2.5365
2.5948
2.5087
2.6264
2.5285
2.4672
2.4388
2.4052
2.3929
2.4201
2.3348
2.3460
2.3652
2.3102
2.3229
2.3060
2.2130
2.2020
2.1970
2.2132
2.2432
2.2775
2.2225
2.2247
2.1527
2.1577
2.1523
2.1950
2.2531
2.3339
2.3460
2.3422
2.3660
2.2846
2.2718
2.2685
2.2658
2.2427
2.2964
2.2870
2.2619
2.2591
2.3303
2.2609
2.2723
2.2408
2.2685
2.2338
2.2684
2.2995
2.4306
2.4477
2.4111
2.5301
2.5298
2.4247
2.4767
2.6067
2.5847
2.5913
2.7252
2.7702
2.7130
2.4508
2.5027
2.4750
2.4661
2.5028
2.8398
2.6312
2.7493
2.7306
2.6140
2.5790
2.6576
2.5394
2.5283
2.6140
2.5533
2.5905
2.7165
2.7619
2.7158
2.8694
2.8194
2.8156
2.8033
2.7960
2.7552
2.7459
2.6326
2.6788
2.6172
2.5235
2.5743
2.6379
2.5561
2.5326
2.5267
2.5542
2.6156
2.5995
2.5955
2.7178
2.5257
2.4540
2.3982
2.4025
2.3073
2.2720
2.2096
2.2377
2.2411
2.1996
2.1469
2.1497
2.0537
1.9744
1.8886
1.8529
1.7800
1.7670
1.7576
1.7936
1.8034
1.8175
1.7719
1.7191
1.6366
1.5615
1.4965
1.4380
1.3859
1.3474
1.3040
1.2627
1.2252
1.1961
1.1713
1.1790
1.1972
1.2432
1.2820
1.2973
1.2661
1.2167
1.1518
1.1062
1.0667
1.0388
1.0156
0.9990
0.9727
0.9555
0.9433
0.9327
0.9182
0.9146
0.9141
0.9253
0.9459
0.9765
1.0027
1.0297
1.0263
1.0060
0.9799
0.9645
0.9418
0.9279
0.9168
0.9081
0.9002
0.8965
0.8949
0.8928
0.8927
0.8911
0.8898
0.8916
0.8917
0.8926
0.9001
0.9125
0.9223
0.9347
0.9412
0.9384
0.9301
0.9239
0.9220
0.9200
0.9205
0.9194
0.9182
0.9169
0.9167
0.9146
0.9164
0.9174
0.9169
0.9174
0.9190
0.9178
0.9170
0.9180
0.9200
0.9235
0.9298
0.9365
0.9418
0.9462
0.9475
0.9448
0.9427
0.9445
0.9446
0.9455
0.9469
0.9470
0.9469
0.9487
0.9485
0.9489
0.9514
0.9518
0.9514
0.9537
0.9558
0.9560
0.9571
0.9594
0.9607
0.9604
0.9609
0.9625
0.9657
0.9695
0.9732
0.9770
0.9792
0.9778
0.9740
0.9727
0.9729
0.9725
0.9735
0.9741
0.9734
0.9742
0.9750
0.9743
0.9755
0.9772
0.9761
0.9763
0.9777
0.9772
0.9764
0.9776
0.9790
0.9790
0.9795
0.9808
0.9817
0.9822
0.9828
0.9847
0.9879
0.9905
0.9919
0.9930
0.9925
0.9903
0.9880
0.9880
0.9877
0.9880
0.9879
0.9874
0.9871
0.9877
0.9870
0.9868
0.9878
0.9873
0.9867
0.9876
0.9877
0.9868
0.9869
0.9872
0.9869
0.9865
0.9871
0.9883
0.9892
0.9898
0.9905
0.9908
0.9910
0.9915
0.9934
0.9959
0.9975
0.9987
0.9990
0.9980
0.9961
0.9953
0.9948
0.9945
0.9946
0.9947
0.9945
0.9949
0.9951
0.9947
0.9954
0.9956
0.9952
0.9955
0.9960
0.9956
0.9957
0.9961
0.9963
0.9961
0.9963
0.9966
0.9965
0.9964
0.9965
0.9966
0.9965
0.9964
0.9963
0.9962
0.9962
0.9966
0.9974
0.9976
0.9976
0.9972
0.9964
0.9952
0.9947
0.9943
0.9940
0.9938
0.9933
0.9927
0.9925
0.9922
0.9916
0.9921
0.9928
0.9933
0.9943
0.9953
0.9954
0.9954
0.9957
0.9961
0.9966
0.9974
0.9983
0.9991
0.9996
0.9998
1.0001
1.0003
1.0002
1.0002
1.0005
1.0004
1.0004
1.0007
1.0010
1.0014
1.0018
1.0022
1.0021
1.0022
1.0019
1.0016
1.0014
1.0014
1.0013
1.0014
1.0013
1.0013
1.0014
1.0014
1.0012
1.0011
1.0008
1.0006
1.0006
1.0006
1.0005
1.0007
1.0008
1.0008
1.0007
1.0007
1.0007
1.0006
1.0006
1.0005
1.0004
1.0004
1.0003
1.0004
1.0004
1.0005
1.0006
1.0006
1.0004
1.0004
1.0002
0.9999
0.9997
0.9995
0.9991
0.9988
0.9987
0.9986
0.9987
0.9990
0.9992
0.9994
0.9997
0.9997
1.0000
1.0003
1.0006
1.0007
1.0012
1.0015
1.0018
1.0020
1.0024
1.0026
1.0029
1.0031
1.0033
1.0033
1.0034
1.0036
1.0037
1.0038
1.0041
1.0043
1.0043
1.0045
1.0046
1.0046
1.0046
1.0047
1.0046
1.0047
1.0045
1.0044
1.0044
1.0043
1.0043
1.0043
1.0043
1.0043
1.0042
1.0041
1.0041
1.0041
1.0041
1.0042
1.0044
1.0044
1.0043
1.0044
1.0044
1.0045
1.0047
1.0048
1.0049
1.0052
1.0054
1.0054
1.0054
1.0053
1.0052
1.0052
1.0052
1.0053
1.0054
1.0054
1.0054
1.0054
1.0055
1.0057
1.0058
1.0059
1.0058
1.0059
1.0058
1.0059
1.0059
1.0060
1.0060
1.0061
1.0060
1.0060
1.0060
1.0061
1.0060
1.0061
1.0063
1.0062
1.0062
1.0063
1.0062
1.0061
1.0061
1.0061
1.0060
1.0060
1.0061
1.0062
1.0061
1.0060
1.0060
1.0059
1.0058
1.0058
1.0057
1.0056
1.0056
1.0055
1.0054
1.0054
1.0052
1.0052
1.0053
1.0053
1.0054
1.0055
1.0055
1.0056
1.0057
1.0056
1.0058
1.0059
1.0059
1.0059
1.0060
1.0060
1.0059
1.0060
1.0061
1.0062
1.0062
1.0063
1.0063
1.0064
1.0064
1.0064
1.0064
1.0064
1.0064
1.0063
1.0063
1.0064
1.0064
1.0064
1.0065
1.0066
1.0067
1.0067
1.0067
1.0066
1.0066
1.0065
1.0065
1.0065
1.0065
1.0064
1.0063
1.0063
1.0062
1.0063
1.0063
1.0064
1.0065
1.0065
1.0064
1.0063
1.0063
1.0062
1.0060
1.0060
1.0059
1.0057
1.0056
1.0055
1.0053
1.0051
1.0049
1.0047
1.0045
1.0043
1.0043
1.0043
1.0045
1.0048
1.0049
1.0049
1.0049
1.0048
1.0047
1.0049
1.0050
1.0052
1.0053
1.0054
1.0055
1.0057
1.0057
1.0057
1.0059
1.0059
1.0058
1.0059
1.0060
1.0059
1.0059
1.0060
1.0060
1.0059
1.0060
1.0060
1.0060
1.0060
1.0059
1.0059
1.0059
1.0058
1.0058
1.0058
1.0059
1.0058
1.0058
1.0059
1.0058
1.0057
1.0057
1.0057
1.0056
1.0056
1.0057
1.0057
1.0057
1.0058
1.0058
1.0057
1.0058
1.0057
1.0057
1.0056
1.0056
1.0055
1.0055
1.0055
1.0055
1.0055
1.0055
1.0053
1.0052
1.0050
1.0050
1.0048
1.0049
1.0050
1.0050
1.0050
1.0051
1.0051
1.0051
1.0051
1.0051
1.0052
1.0052
1.0052
1.0052
1.0052
1.0053
1.0053
1.0054
1.0055
1.0055
1.0055
1.0055
1.0055
1.0055
1.0054
1.0054
1.0054
1.0054
1.0054
1.0054
1.0055
1.0055
1.0056
1.0056
1.0057
1.0056
1.0056
1.0055
1.0055
1.0055
1.0055
1.0055
1.0055
1.0055
1.0056
1.0057
1.0057
1.0057
1.0057
1.0056
1.0055
1.0054
1.0054
1.0055
1.0056
1.0057
1.0058
1.0057
1.0056
1.0055
1.0055
1.0054
1.0054
1.0055
1.0056
1.0057
1.0058
1.0059
1.0058
1.0058
1.0057
1.0056
1.0055
1.0054
1.0054
1.0054
1.0053
1.0053
1.0053
1.0052
1.0051
1.0052
1.0052
1.0052
1.0053
1.0054
1.0054
1.0054
1.0054
1.0054
1.0054
1.0054
1.0053
1.0054
1.0054
1.0055
1.0056
1.0057
1.0056
1.0056
1.0056
1.0057
1.0057
1.0058
1.0058
1.0058
1.0057
1.0057
1.0057
1.0056
1.0056
1.0055
1.0055
1.0055
1.0054
1.0054
1.0054
1.0052
1.0051
1.0049
1.0046
1.0044
1.0043
1.0043
1.0045
1.0048
1.0052
1.0053
1.0054
1.0054
1.0054
1.0053
1.0053
1.0053
1.0055
1.0054
1.0054
1.0056
1.0056
1.0056
1.0057
1.0058
1.0058
1.0059
1.0058
1.0059
1.0059
1.0059
1.0059
1.0060
1.0059
1.0059
1.0059
1.0060
1.0060
1.0059
1.0059
1.0060
1.0059
1.0059
1.0060
1.0061
1.0061
1.0061
1.0061
1.0061
1.0062
1.0062
1.0061
1.0062
1.0061
1.0060
1.0060
1.0060
1.0061
1.0062
1.0063
1.0063
1.0064
1.0064
1.0064
1.0064
1.0064
1.0064
1.0064
1.0064
1.0064
1.0063
1.0064
1.0063
1.0064
1.0065
1.0066
1.0066
1.0066
1.0066
1.0066
1.0066
1.0065
1.0066
1.0066
1.0065
1.0066
1.0067
1.0067
1.0067
1.0068
1.0069
1.0069
1.0068
1.0069
1.0068
1.0069
1.0068
1.0069
1.0069
1.0069
1.0068
1.0069
1.0068
1.0067
1.0068
1.0068
1.0069
1.0070
1.0069
1.0069
1.0070
1.0070
1.0070
1.0071
1.0071
1.0071
1.0072
1.0071
1.0071
1.0071
1.0071
1.0070
1.0070
1.0070
1.0070
1.0070
1.0070
1.0070
1.0071
1.0071
1.0071
1.0071
1.0071
1.0072
1.0072
1.0073
1.0072
1.0073
1.0073
1.0073
1.0073
1.0075
1.0075
1.0074
1.0074
1.0074
1.0074
1.0075
1.0075
1.0076
1.0076
1.0076
1.0075
1.0075
1.0076
1.0076
1.0075
1.0076
1.0076
1.0075
1.0075
1.0076
1.0076
1.0076
1.0076
1.0077
1.0077
1.0077
1.0079
1.0078
1.0078
1.0079
1.0079
1.0079
1.0080
1.0080
1.0079
1.0079
1.0078
1.0079
1.0079
1.0080
1.0080
1.0081
1.0081
1.0080
1.0080
1.0079
1.0079
1.0079
1.0079
1.0080
1.0082
1.0083
1.0083
1.0083
1.0083
1.0081
1.0080
1.0080
1.0080
1.0081
1.0081
1.0082
1.0083
1.0083
1.0083
1.0083
1.0082
1.0082
1.0082
1.0082
1.0081
1.0082
1.0082
1.0081
1.0081
1.0081
1.0081
1.0080
1.0080
1.0079
1.0079
1.0078
1.0079
1.0079
1.0080
1.0081
1.0083
1.0083
1.0083
1.0083
1.0082
1.0082
1.0082
1.0082
1.0083
1.0083
1.0084
1.0085
1.0086
1.0086
1.0086
1.0087
1.0087
1.0087
1.0088
1.0088
1.0087
1.0087
1.0086
1.0086
1.0085
1.0085
1.0085
1.0085
1.0087
1.0088
1.0089
1.0091
1.0092
1.0091
1.0091
1.0090
1.0088
1.0087
1.0086
1.0085
1.0087
1.0088
1.0088
1.0088
1.0089
1.0090
1.0092
1.0093
1.0093
1.0093
1.0092
1.0092
1.0091
1.0091
1.0090
1.0090
1.0089
1.0089
1.0089
1.0089
1.0090
1.0090
1.0090
1.0091
1.0092
1.0091
1.0091
1.0091
1.0091
1.0091
1.0091
1.0092
1.0092
1.0093
1.0093
1.0094
1.0094
1.0095
1.0095
1.0094
1.0093
1.0093
1.0092
1.0092
1.0092
1.0092
1.0092
1.0092
1.0093
1.0093
1.0094
1.0094
1.0094
1.0093
1.0094
1.0094
1.0094
1.0095
1.0095
1.0096
1.0095
1.0096
1.0095
1.0094
1.0094
1.0095
1.0095
1.0095
1.0097
1.0097
1.0096
1.0095
1.0096
1.0096
1.0096
1.0096
1.0096
1.0097
1.0097
1.0096
1.0097
1.0097
1.0097
1.0097
1.0097
1.0097
1.0099
1.0099
1.0099
1.0099
1.0099
1.0097
1.0097
1.0097
1.0098
1.0100
1.0100
1.0100
1.0101
1.0101
1.0100
1.0100
1.0100
1.0101
1.0101
1.0101
1.0102
1.0102
1.0103
1.0103
1.0103
1.0104
1.0104
1.0104
1.0105
1.0105
1.0104
1.0104
1.0103
1.0102
1.0102
1.0103
1.0104
1.0104
1.0104
1.0104
1.0104
1.0104
1.0104
1.0105
1.0106
1.0106
1.0105
1.0106
1.0106
1.0106
1.0106
1.0107
1.0107
1.0107
1.0107
1.0107
1.0108
1.0108
1.0108
1.0109
1.0109
1.0109
1.0109
1.0109
1.0109
1.0109
1.0110
1.0110
1.0110
1.0110
1.0110
1.0110
1.0111
1.0112
1.0112
1.0112
1.0112
1.0113
1.0113
1.0112
1.0111
1.0111
1.0111
1.0111
1.0112
1.0112
1.0112
1.0113
1.0113
1.0113
1.0114
1.0114
1.0114
1.0114
1.0115
1.0115
1.0115
1.0115
1.0117
1.0116
1.0117
1.0117
1.0117
1.0117
1.0117
1.0118
1.0118
1.0118
1.0119
1.0118
1.0118
1.0118
1.0119
1.0118
1.0118
1.0119
1.0119
1.0119
1.0120
1.0119
1.0119
1.0119
1.0120
1.0121
1.0121
1.0121
1.0121
1.0121
1.0121
1.0122
1.0122
1.0122
1.0122
1.0122
1.0122
1.0122
1.0122
1.0122
1.0123
1.0123
1.0123
1.0124
1.0123
1.0124
1.0125
1.0125
1.0125
1.0127
1.0127
1.0126
1.0126
1.0125
1.0124
1.0124
1.0125
1.0126
1.0127
1.0127
1.0127
1.0127
1.0126
1.0126
1.0126
1.0126
1.0125
1.0126
1.0127
1.0127
1.0128
1.0129
1.0130
1.0130
1.0130
1.0130
1.0129
1.0130
1.0130
1.0131
1.0131
1.0132
1.0131
1.0131
1.0131
1.0131
1.0131
1.0131
1.0132
1.0133
1.0133
1.0134
1.0134
1.0134
1.0134
1.0135
1.0135
1.0135
1.0134
1.0133
1.0133
1.0132
1.0133
1.0133
1.0134
1.0135
1.0135
1.0136
1.0136
1.0137
1.0136
1.0137
1.0137
1.0137
1.0136
1.0136
1.0137
1.0137
1.0137
1.0137
1.0137
1.0137
1.0137
1.0137
1.0138
1.0138
1.0138
1.0138
1.0138
1.0139
1.0138
1.0138
1.0138
1.0138
1.0139
1.0140
1.0141
1.0141
1.0142
1.0143
1.0143
1.0142
1.0142
1.0142
1.0143
1.0143
1.0143
1.0143
1.0142
1.0142
1.0144
1.0144
1.0145
1.0145
1.0145
1.0144
1.0143
1.0143
1.0143
1.0144
1.0144
1.0145
1.0145
1.0144
1.0143
1.0143
1.0143
1.0144
1.0144
1.0144
1.0143
1.0144
1.0144
1.0145
1.0146
1.0147
1.0147
1.0147
1.0146
1.0146
1.0147
1.0146
1.0146
1.0146
1.0147
1.0146
1.0146
1.0147
1.0147
1.0148
1.0149
1.0150
1.0150
1.0150
1.0149
1.0149
1.0150
1.0150
1.0150
1.0150
1.0151
1.0151
1.0150
1.0151
1.0152
1.0151
1.0151
1.0150
1.0150
1.0151
1.0151
1.0153
1.0154
1.0153
1.0153
1.0153
1.0152
1.0151
1.0153
1.0153
1.0154
1.0153
1.0153
1.0152
1.0152
1.0152
1.0153
1.0154
1.0154
1.0155
1.0154
1.0154
1.0154
1.0155
1.0154
1.0155
1.0155
1.0154
1.0155
1.0157
1.0156
1.0156
1.0156
1.0155
1.0154
1.0154
1.0155
1.0155
1.0155
1.0154
1.0156
1.0157
1.0158
1.0159
1.0160
1.0159
1.0158
1.0159
1.0158
1.0158
1.0158
1.0158
1.0157
1.0158
1.0159
1.0159
1.0159
1.0160
1.0159
1.0159
1.0159
1.0160
1.0160
1.0161
1.0161
1.0161
1.0161
1.0161
1.0161
1.0160
1.0160
1.0159
1.0159
1.0162
1.0162
1.0163
1.0163
1.0163
1.0160
1.0159
1.0159
1.0159
1.0160
1.0160
1.0163
1.0163
1.0163
1.0163
1.0164
1.0164
1.0162
1.0163
1.0163
1.0163
1.0161
1.0163
1.0164
1.0164
1.0165
1.0167
1.0166
1.0166
1.0167
1.0167
1.0166
1.0166
1.0165
1.0164
1.0164
1.0165
1.0165
1.0167
1.0166
1.0166
1.0165
1.0165
1.0164
1.0167
1.0168
1.0169
1.0169
1.0170
1.0167
1.0165
1.0165
1.0166
1.0167
1.0169
1.0170
1.0172
1.0171
1.0169
1.0168
1.0169
1.0168
1.0169
1.0171
1.0171
1.0170
1.0171
1.0170
1.0168
1.0169
1.0171
1.0171
1.0174
1.0176
1.0175
1.0175
1.0173
1.0171
1.0170
1.0171
1.0171
1.0171
1.0172
1.0172
1.0173
1.0173
1.0174
1.0177
1.0178
1.0178
1.0178
1.0177
1.0174
1.0175
1.0175
1.0175
1.0176
1.0176
1.0177
1.0178
1.0177
1.0177
1.0176
1.0175
1.0175
1.0175
1.0176
1.0176
1.0177
1.0177
1.0177
1.0177
1.0178
1.0177
1.0178
1.0177
1.0176
1.0177
1.0176
1.0176
1.0178
1.0179
1.0180
1.0182
1.0181
1.0181
1.0180
1.0180
1.0178
1.0179
1.0179
1.0180
1.0179
1.0180
1.0180
1.0181
1.0180
1.0182
1.0181
1.0181
1.0179
1.0181
1.0178
1.0180
1.0182
1.0184
1.0183
1.0185
1.0184
1.0183
1.0182
1.0184
1.0185
1.0185
1.0184
1.0184
1.0183
1.0182
1.0185
1.0187
1.0188
1.0188
1.0187
1.0185
1.0184
1.0184
1.0185
1.0185
1.0186
1.0187
1.0185
1.0184
1.0185
1.0185
1.0184
1.0186
1.0187
1.0188
1.0187
1.0187
1.0186
1.0185
1.0184
1.0184
1.0185
1.0188
1.0190
1.0191
1.0192
1.0193
1.0191
1.0190
1.0191
1.0191
1.0190
1.0190
1.0189
1.0189
1.0190
1.0192
1.0192
1.0194
1.0195
1.0195
1.0193
1.0194
1.0193
1.0193
1.0192
1.0193
1.0193
1.0193
1.0192
1.0192
1.0193
1.0192
1.0194
1.0194
1.0195
1.0195
1.0194
1.0193
1.0194
1.0194
1.0195
1.0195
1.0195
1.0194
1.0195
1.0195
1.0194
1.0197
1.0198
1.0199
1.0199
1.0200
1.0199
1.0198
1.0200
1.0199
1.0199
1.0200
1.0199
1.0197
1.0199
1.0199
1.0199
1.0200
1.0200
1.0199
1.0201
1.0203
1.0203
1.0205
1.0205
1.0204
1.0202
1.0202
1.0201
1.0202
1.0201
1.0201
1.0202
1.0201
1.0200
1.0202
1.0203
1.0206
1.0209
1.0210
1.0212
1.0210
1.0206
1.0204
1.0203
1.0202
1.0205
1.0206
1.0205
1.0206
1.0207
1.0204
1.0202
1.0200
1.0196
1.0194
1.0196
1.0199
1.0201
1.0205
1.0208
1.0208
1.0207
1.0209
1.0211
1.0210
1.0211
1.0211
1.0210
1.0210
1.0210
1.0211
1.0211
1.0211
1.0209
1.0211
1.0209
1.0209
1.0209
1.0209
1.0209
1.0208
1.0209
1.0208
1.0207
1.0206
1.0208
1.0211
1.0211
1.0213
1.0214
1.0211
1.0209
1.0210
1.0218
1.0220
1.0221
1.0221
1.0221
1.0212
1.0213
1.0214
1.0215
1.0217
1.0217
1.0217
1.0217
1.0217
1.0216
1.0219
1.0218
1.0218
1.0218
1.0215
1.0213
1.0212
1.0213
1.0214
1.0218
1.0219
1.0219
1.0217
1.0217
1.0216
1.0215
1.0215
1.0217
1.0217
1.0218
1.0221
1.0221
1.0218
1.0217
1.0217
1.0216
1.0218
1.0220
1.0219
1.0219
1.0219
1.0219
1.0218
1.0221
1.0219
1.0219
1.0220
1.0222
1.0222
1.0224
1.0222
1.0220
1.0217
1.0215
1.0214
1.0217
1.0217
1.0218
1.0217
1.0216
1.0213
1.0214
1.0215
1.0217
1.0215
1.0216
1.0216
1.0216
1.0217
1.0219
1.0220
1.0223
1.0221
1.0223
1.0221
1.0219
1.0217
1.0217
1.0215
1.0217
1.0219
1.0217
1.0216
1.0213
1.0209
1.0206
1.0205
1.0205
1.0208
1.0210
1.0213
1.0214
1.0219
1.0219
1.0218
1.0227
1.0252
1.0255
1.0284
1.0418
1.1127
1.0381
1.0479
