1.0217
1.0649
1.0350
0.7690
-0.4681
-9.5551
4.1682
3.8082
3.8154
4.1290
4.5276
4.8720
5.1692
4.7749
4.3836
4.8308
4.5325
4.6626
5.4830
5.7631
4.1860
3.8002
3.7088
3.6225
3.3961
3.9492
3.9282
3.7060
3.6668
4.3864
4.0438
5.0991
5.3499
5.9667
3.6415
3.6226
3.2227
3.1198
2.8621
3.1265
3.1387
3.3837
3.3847
3.4653
3.8514
3.9523
3.2925
3.3753
3.2407
2.8668
2.8888
2.9790
2.8175
2.7519
3.0193
2.8053
2.8373
2.8839
2.8685
2.8150
2.9439
2.9665
3.1957
3.2828
3.2238
3.2306
3.2203
3.2140
3.3300
3.3362
3.1197
2.9357
2.8480
2.7142
2.6575
2.7779
2.9143
2.7348
2.8372
2.6648
2.6341
2.5437
2.6515
2.6611
2.6828
2.6576
2.6661
2.6224
2.5408
2.7521
2.7043
2.6680
2.6200
2.6862
2.5975
2.6306
2.7020
2.6631
2.6712
2.6526
2.5904
2.5389
2.6424
2.4910
2.4759
2.5365
2.5947
2.5086
2.6258
2.5282
2.4672
2.4391
2.4052
2.3930
2.4204
2.3350
2.3461
2.3655
2.3105
2.3232
2.3063
2.2137
2.2027
2.1978
2.2139
2.2436
2.2776
2.2222
2.2243
2.1524
2.1574
2.1518
2.1948
2.2529
2.3338
2.3460
2.3425
2.3662
2.2848
2.2720
2.2689
2.2660
2.2428
2.2965
2.2871
2.2618
2.2591
2.3301
2.2609
2.2724
2.2408
2.2685
2.2342
2.2685
2.2991
2.4302
2.4472
2.4108
2.5301
2.5300
2.4251
2.4773
2.6072
2.5847
2.5914
2.7250
2.7701
2.7125
2.4505
2.5021
2.4745
2.4658
2.5026
2.8401
2.6319
2.7502
2.7312
2.6148
2.5795
2.6573
2.5392
2.5281
2.6137
2.5530
2.5903
2.7163
2.7619
2.7159
2.8701
2.8201
2.8160
2.8037
2.7959
2.7549
2.7456
2.6322
2.6781
2.6170
2.5233
2.5740
2.6377
2.5557
2.5323
2.5263
2.5540
2.6158
2.5997
2.5956
2.7182
2.5254
2.4536
2.3977
2.4020
2.3069
2.2719
2.2095
2.2377
2.2413
2.1998
2.1474
2.1505
2.0546
1.9749
1.8888
1.8528
1.7794
1.7663
1.7571
1.7934
1.8031
1.8177
1.7721
1.7195
1.6368
1.5619
1.4970
1.4386
1.3862
1.3476
1.3042
1.2628
1.2251
1.1960
1.1713
1.1790
1.1971
1.2432
1.2820
1.2974
1.2663
1.2170
1.1519
1.1063
1.0667
1.0388
1.0155
0.9990
0.9727
0.9556
0.9433
0.9328
0.9183
0.9147
0.9143
0.9255
0.9461
0.9766
1.0029
1.0297
1.0263
1.0060
0.9799
0.9645
0.9419
0.9281
0.9169
0.9082
0.9003
0.8966
0.8949
0.8928
0.8928
0.8911
0.8898
0.8917
0.8918
0.8927
0.9002
0.9125
0.9224
0.9348
0.9413
0.9385
0.9301
0.9239
0.9220
0.9200
0.9206
0.9195
0.9182
0.9169
0.9167
0.9146
0.9164
0.9175
0.9169
0.9174
0.9190
0.9178
0.9170
0.9180
0.9200
0.9235
0.9297
0.9365
0.9417
0.9461
0.9474
0.9448
0.9427
0.9445
0.9446
0.9455
0.9469
0.9470
0.9469
0.9486
0.9485
0.9490
0.9514
0.9518
0.9514
0.9538
0.9558
0.9560
0.9571
0.9594
0.9607
0.9604
0.9610
0.9625
0.9658
0.9695
0.9733
0.9770
0.9792
0.9778
0.9740
0.9727
0.9729
0.9725
0.9735
0.9741
0.9734
0.9742
0.9750
0.9743
0.9755
0.9772
0.9761
0.9763
0.9776
0.9772
0.9764
0.9776
0.9790
0.9790
0.9795
0.9809
0.9818
0.9822
0.9829
0.9847
0.9879
0.9905
0.9919
0.9931
0.9925
0.9904
0.9881
0.9880
0.9877
0.9880
0.9879
0.9874
0.9871
0.9877
0.9870
0.9868
0.9878
0.9873
0.9867
0.9876
0.9877
0.9868
0.9868
0.9872
0.9869
0.9865
0.9871
0.9883
0.9892
0.9898
0.9905
0.9908
0.9910
0.9915
0.9934
0.9959
0.9975
0.9986
0.9990
0.9980
0.9961
0.9953
0.9948
0.9945
0.9946
0.9946
0.9945
0.9949
0.9951
0.9947
0.9954
0.9956
0.9952
0.9955
0.9960
0.9956
0.9957
0.9961
0.9964
0.9962
0.9963
0.9966
0.9965
0.9964
0.9965
0.9966
0.9965
0.9964
0.9963
0.9962
0.9961
0.9966
0.9973
0.9976
0.9976
0.9972
0.9964
0.9952
0.9947
0.9943
0.9940
0.9938
0.9933
0.9927
0.9925
0.9922
0.9916
0.9922
0.9928
0.9933
0.9943
0.9953
0.9954
0.9954
0.9957
0.9961
0.9966
0.9974
0.9983
0.9991
0.9996
0.9998
1.0001
1.0003
1.0002
1.0002
1.0005
1.0004
1.0004
1.0007
1.0010
1.0014
1.0018
1.0022
1.0022
1.0022
1.0018
1.0016
1.0014
1.0014
1.0013
1.0014
1.0013
1.0013
1.0014
1.0014
1.0012
1.0011
1.0008
1.0006
1.0006
1.0006
1.0006
1.0007
1.0008
1.0008
1.0007
1.0008
1.0007
1.0006
1.0006
1.0005
1.0004
1.0004
1.0003
1.0004
1.0004
1.0005
1.0006
1.0006
1.0004
1.0004
1.0002
0.9999
0.9997
0.9995
0.9991
0.9988
0.9987
0.9986
0.9987
0.9990
0.9992
0.9993
0.9996
0.9997
1.0000
1.0003
1.0006
1.0007
1.0012
1.0014
1.0018
1.0020
1.0024
1.0026
1.0029
1.0031
1.0033
1.0033
1.0034
1.0036
1.0037
1.0038
1.0041
1.0043
1.0043
1.0045
1.0045
1.0046
1.0046
1.0046
1.0046
1.0047
1.0045
1.0044
1.0044
1.0043
1.0043
1.0043
1.0043
1.0043
1.0042
1.0040
1.0041
1.0041
1.0041
1.0042
1.0043
1.0044
1.0043
1.0044
1.0044
1.0045
1.0046
1.0048
1.0049
1.0052
1.0054
1.0054
1.0054
1.0053
1.0052
1.0052
1.0052
1.0053
1.0054
1.0054
1.0054
1.0054
1.0055
1.0057
1.0058
1.0059
1.0058
1.0059
1.0058
1.0059
1.0059
1.0060
1.0060
1.0061
1.0059
1.0060
1.0060
1.0061
1.0060
1.0061
1.0063
1.0062
1.0062
1.0063
1.0062
1.0061
1.0061
1.0061
1.0060
1.0060
1.0061
1.0062
1.0061
1.0060
1.0060
1.0059
1.0058
1.0058
1.0057
1.0056
1.0056
1.0055
1.0054
1.0054
1.0052
1.0052
1.0053
1.0053
1.0054
1.0055
1.0055
1.0056
1.0057
1.0056
1.0058
1.0059
1.0059
1.0059
1.0060
1.0060
1.0059
1.0060
1.0061
1.0062
1.0062
1.0063
1.0063
1.0064
1.0064
1.0064
1.0064
1.0064
1.0064
1.0063
1.0063
1.0064
1.0064
1.0064
1.0065
1.0066
1.0067
1.0067
1.0067
1.0066
1.0066
1.0065
1.0065
1.0064
1.0065
1.0064
1.0063
1.0063
1.0062
1.0062
1.0063
1.0064
1.0065
1.0065
1.0064
1.0063
1.0063
1.0062
1.0060
1.0060
1.0059
1.0057
1.0056
1.0055
1.0053
1.0051
1.0049
1.0047
1.0045
1.0043
1.0043
1.0043
1.0045
1.0048
1.0049
1.0049
1.0049
1.0049
1.0048
1.0049
1.0050
1.0052
1.0053
1.0054
1.0055
1.0056
1.0057
1.0057
1.0059
1.0059
1.0058
1.0059
1.0060
1.0059
1.0059
1.0060
1.0060
1.0059
1.0060
1.0060
1.0060
1.0060
1.0059
1.0059
1.0059
1.0058
1.0058
1.0058
1.0058
1.0058
1.0057
1.0058
1.0058
1.0057
1.0057
1.0057
1.0056
1.0056
1.0057
1.0057
1.0057
1.0057
1.0058
1.0058
1.0058
1.0057
1.0057
1.0056
1.0056
1.0055
1.0055
1.0055
1.0055
1.0055
1.0055
1.0053
1.0052
1.0050
1.0050
1.0048
1.0049
1.0050
1.0050
1.0050
1.0051
1.0051
1.0051
1.0051
1.0051
1.0052
1.0052
1.0053
1.0052
1.0052
1.0053
1.0053
1.0054
1.0055
1.0055
1.0055
1.0055
1.0055
1.0055
1.0054
1.0054
1.0054
1.0054
1.0054
1.0054
1.0055
1.0055
1.0056
1.0056
1.0057
1.0056
1.0055
1.0055
1.0055
1.0055
1.0055
1.0055
1.0055
1.0055
1.0056
1.0057
1.0057
1.0057
1.0057
1.0056
1.0055
1.0054
1.0054
1.0055
1.0056
1.0057
1.0058
1.0057
1.0056
1.0055
1.0055
1.0054
1.0054
1.0055
1.0056
1.0057
1.0058
1.0059
1.0059
1.0058
1.0058
1.0056
1.0055
1.0054
1.0054
1.0054
1.0053
1.0053
1.0053
1.0052
1.0051
1.0052
1.0052
1.0052
1.0053
1.0054
1.0054
1.0054
1.0054
1.0054
1.0054
1.0054
1.0053
1.0054
1.0054
1.0055
1.0056
1.0057
1.0056
1.0056
1.0056
1.0057
1.0057
1.0058
1.0058
1.0058
1.0057
1.0057
1.0057
1.0056
1.0055
1.0055
1.0055
1.0055
1.0054
1.0054
1.0054
1.0052
1.0051
1.0049
1.0046
1.0043
1.0043
1.0043
1.0045
1.0048
1.0052
1.0053
1.0054
1.0054
1.0054
1.0053
1.0053
1.0053
1.0054
1.0054
1.0054
1.0056
1.0056
1.0056
1.0057
1.0057
1.0058
1.0058
1.0058
1.0058
1.0059
1.0059
1.0059
1.0059
1.0059
1.0059
1.0059
1.0060
1.0060
1.0059
1.0059
1.0060
1.0059
1.0059
1.0060
1.0061
1.0061
1.0061
1.0061
1.0061
1.0061
1.0062
1.0061
1.0061
1.0061
1.0060
1.0060
1.0060
1.0061
1.0062
1.0063
1.0063
1.0064
1.0064
1.0064
1.0064
1.0064
1.0063
1.0064
1.0064
1.0064
1.0063
1.0064
1.0063
1.0064
1.0065
1.0066
1.0066
1.0066
1.0066
1.0066
1.0065
1.0065
1.0065
1.0066
1.0065
1.0066
1.0066
1.0067
1.0067
1.0068
1.0069
1.0069
1.0068
1.0068
1.0068
1.0069
1.0068
1.0069
1.0069
1.0069
1.0068
1.0068
1.0068
1.0067
1.0068
1.0068
1.0069
1.0070
1.0069
1.0069
1.0070
1.0070
1.0070
1.0071
1.0071
1.0071
1.0072
1.0071
1.0071
1.0070
1.0070
1.0070
1.0070
1.0070
1.0070
1.0070
1.0070
1.0070
1.0071
1.0071
1.0071
1.0071
1.0071
1.0072
1.0072
1.0073
1.0072
1.0073
1.0073
1.0073
1.0073
1.0075
1.0075
1.0074
1.0074
1.0074
1.0074
1.0075
1.0075
1.0075
1.0076
1.0076
1.0075
1.0075
1.0076
1.0076
1.0075
1.0075
1.0075
1.0075
1.0075
1.0076
1.0076
1.0075
1.0076
1.0077
1.0077
1.0077
1.0078
1.0078
1.0078
1.0078
1.0079
1.0079
1.0079
1.0080
1.0079
1.0079
1.0078
1.0079
1.0079
1.0080
1.0080
1.0080
1.0081
1.0080
1.0079
1.0079
1.0079
1.0079
1.0079
1.0080
1.0082
1.0083
1.0083
1.0083
1.0082
1.0081
1.0080
1.0080
1.0080
1.0081
1.0081
1.0082
1.0083
1.0083
1.0083
1.0083
1.0082
1.0082
1.0082
1.0082
1.0081
1.0082
1.0082
1.0081
1.0081
1.0081
1.0081
1.0080
1.0080
1.0079
1.0079
1.0078
1.0079
1.0079
1.0080
1.0081
1.0083
1.0083
1.0083
1.0083
1.0082
1.0082
1.0082
1.0082
1.0083
1.0083
1.0084
1.0085
1.0086
1.0086
1.0086
1.0086
1.0086
1.0087
1.0088
1.0088
1.0087
1.0087
1.0086
1.0086
1.0085
1.0085
1.0085
1.0085
1.0086
1.0088
1.0089
1.0091
1.0091
1.0091
1.0091
1.0090
1.0088
1.0086
1.0086
1.0085
1.0086
1.0088
1.0087
1.0088
1.0089
1.0090
1.0091
1.0093
1.0093
1.0093
1.0092
1.0092
1.0091
1.0091
1.0090
1.0090
1.0089
1.0089
1.0089
1.0089
1.0089
1.0090
1.0090
1.0091
1.0092
1.0091
1.0091
1.0091
1.0091
1.0090
1.0091
1.0092
1.0092
1.0092
1.0093
1.0094
1.0094
1.0095
1.0094
1.0094
1.0093
1.0093
1.0092
1.0092
1.0091
1.0092
1.0092
1.0092
1.0093
1.0093
1.0094
1.0094
1.0094
1.0093
1.0094
1.0094
1.0094
1.0095
1.0095
1.0096
1.0095
1.0096
1.0095
1.0094
1.0094
1.0095
1.0095
1.0095
1.0096
1.0097
1.0096
1.0095
1.0096
1.0095
1.0096
1.0096
1.0096
1.0097
1.0097
1.0096
1.0097
1.0097
1.0097
1.0097
1.0097
1.0097
1.0099
1.0099
1.0099
1.0099
1.0098
1.0097
1.0097
1.0097
1.0098
1.0100
1.0100
1.0100
1.0101
1.0101
1.0100
1.0100
1.0100
1.0100
1.0100
1.0101
1.0102
1.0102
1.0103
1.0103
1.0103
1.0104
1.0104
1.0104
1.0105
1.0105
1.0104
1.0104
1.0103
1.0102
1.0102
1.0102
1.0103
1.0104
1.0104
1.0104
1.0104
1.0104
1.0104
1.0105
1.0106
1.0106
1.0105
1.0106
1.0106
1.0106
1.0106
1.0106
1.0106
1.0106
1.0106
1.0107
1.0108
1.0108
1.0108
1.0109
1.0109
1.0109
1.0109
1.0109
1.0109
1.0109
1.0109
1.0110
1.0110
1.0109
1.0110
1.0110
1.0111
1.0112
1.0111
1.0112
1.0112
1.0112
1.0113
1.0112
1.0111
1.0111
1.0111
1.0111
1.0112
1.0112
1.0112
1.0112
1.0113
1.0113
1.0113
1.0114
1.0114
1.0114
1.0114
1.0114
1.0115
1.0115
1.0116
1.0116
1.0117
1.0117
1.0117
1.0117
1.0117
1.0118
1.0118
1.0118
1.0118
1.0118
1.0118
1.0118
1.0118
1.0118
1.0118
1.0119
1.0119
1.0119
1.0119
1.0119
1.0119
1.0119
1.0120
1.0121
1.0121
1.0121
1.0121
1.0121
1.0121
1.0121
1.0122
1.0122
1.0122
1.0122
1.0121
1.0122
1.0122
1.0122
1.0122
1.0123
1.0122
1.0123
1.0123
1.0124
1.0125
1.0125
1.0125
1.0127
1.0127
1.0126
1.0126
1.0125
1.0124
1.0124
1.0125
1.0126
1.0127
1.0126
1.0127
1.0127
1.0126
1.0125
1.0126
1.0126
1.0125
1.0126
1.0127
1.0126
1.0128
1.0129
1.0129
1.0130
1.0130
1.0129
1.0129
1.0130
1.0130
1.0131
1.0131
1.0131
1.0131
1.0131
1.0131
1.0131
1.0131
1.0131
1.0132
1.0133
1.0132
1.0133
1.0134
1.0134
1.0134
1.0135
1.0135
1.0134
1.0134
1.0133
1.0133
1.0132
1.0132
1.0133
1.0134
1.0135
1.0135
1.0136
1.0136
1.0136
1.0136
1.0137
1.0137
1.0137
1.0136
1.0136
1.0137
1.0136
1.0137
1.0136
1.0137
1.0137
1.0137
1.0137
1.0137
1.0138
1.0138
1.0138
1.0138
1.0139
1.0138
1.0138
1.0138
1.0138
1.0139
1.0139
1.0141
1.0141
1.0142
1.0142
1.0143
1.0142
1.0142
1.0142
1.0143
1.0143
1.0143
1.0143
1.0142
1.0142
1.0143
1.0144
1.0145
1.0145
1.0145
1.0144
1.0143
1.0143
1.0143
1.0144
1.0144
1.0145
1.0144
1.0144
1.0143
1.0143
1.0143
1.0144
1.0144
1.0144
1.0143
1.0144
1.0143
1.0144
1.0145
1.0146
1.0147
1.0147
1.0146
1.0146
1.0147
1.0146
1.0145
1.0146
1.0147
1.0146
1.0146
1.0146
1.0147
1.0148
1.0149
1.0150
1.0150
1.0150
1.0149
1.0149
1.0149
1.0150
1.0149
1.0150
1.0151
1.0151
1.0150
1.0151
1.0152
1.0151
1.0151
1.0150
1.0150
1.0151
1.0151
1.0152
1.0154
1.0153
1.0153
1.0152
1.0151
1.0151
1.0152
1.0152
1.0153
1.0153
1.0152
1.0152
1.0152
1.0152
1.0153
1.0154
1.0154
1.0155
1.0154
1.0153
1.0154
1.0155
1.0154
1.0155
1.0155
1.0154
1.0155
1.0157
1.0156
1.0156
1.0156
1.0155
1.0154
1.0154
1.0154
1.0155
1.0155
1.0154
1.0156
1.0157
1.0157
1.0159
1.0160
1.0159
1.0158
1.0159
1.0158
1.0158
1.0157
1.0158
1.0157
1.0157
1.0159
1.0159
1.0159
1.0159
1.0158
1.0159
1.0159
1.0159
1.0160
1.0160
1.0161
1.0161
1.0161
1.0161
1.0161
1.0160
1.0159
1.0158
1.0159
1.0162
1.0162
1.0163
1.0163
1.0162
1.0159
1.0158
1.0159
1.0159
1.0160
1.0160
1.0163
1.0163
1.0163
1.0163
1.0164
1.0163
1.0162
1.0162
1.0163
1.0163
1.0161
1.0163
1.0164
1.0163
1.0164
1.0167
1.0166
1.0166
1.0167
1.0167
1.0166
1.0165
1.0164
1.0164
1.0164
1.0164
1.0165
1.0166
1.0166
1.0166
1.0165
1.0165
1.0164
1.0167
1.0167
1.0168
1.0169
1.0170
1.0167
1.0165
1.0165
1.0166
1.0166
1.0168
1.0170
1.0172
1.0171
1.0169
1.0168
1.0169
1.0168
1.0169
1.0171
1.0171
1.0170
1.0171
1.0170
1.0168
1.0169
1.0170
1.0171
1.0173
1.0175
1.0175
1.0174
1.0173
1.0171
1.0170
1.0171
1.0171
1.0171
1.0171
1.0171
1.0172
1.0173
1.0173
1.0177
1.0178
1.0178
1.0177
1.0177
1.0174
1.0174
1.0174
1.0175
1.0176
1.0175
1.0177
1.0177
1.0177
1.0177
1.0176
1.0175
1.0175
1.0175
1.0176
1.0176
1.0177
1.0177
1.0177
1.0177
1.0178
1.0177
1.0178
1.0177
1.0176
1.0177
1.0176
1.0176
1.0178
1.0179
1.0180
1.0182
1.0181
1.0180
1.0180
1.0180
1.0178
1.0178
1.0179
1.0180
1.0179
1.0180
1.0180
1.0180
1.0180
1.0181
1.0181
1.0181
1.0179
1.0180
1.0178
1.0180
1.0182
1.0184
1.0183
1.0184
1.0183
1.0182
1.0182
1.0184
1.0185
1.0185
1.0184
1.0184
1.0182
1.0182
1.0184
1.0187
1.0188
1.0188
1.0187
1.0184
1.0183
1.0184
1.0185
1.0185
1.0186
1.0187
1.0185
1.0184
1.0185
1.0185
1.0184
1.0186
1.0187
1.0187
1.0187
1.0187
1.0186
1.0185
1.0184
1.0184
1.0185
1.0188
1.0190
1.0191
1.0192
1.0192
1.0191
1.0190
1.0191
1.0191
1.0190
1.0190
1.0189
1.0189
1.0189
1.0192
1.0191
1.0194
1.0195
1.0195
1.0193
1.0193
1.0193
1.0192
1.0192
1.0193
1.0193
1.0192
1.0192
1.0192
1.0192
1.0192
1.0194
1.0194
1.0194
1.0195
1.0194
1.0193
1.0194
1.0194
1.0195
1.0195
1.0194
1.0194
1.0195
1.0195
1.0194
1.0196
1.0198
1.0198
1.0199
1.0200
1.0198
1.0198
1.0200
1.0199
1.0198
1.0200
1.0198
1.0197
1.0198
1.0199
1.0199
1.0200
1.0199
1.0199
1.0201
1.0203
1.0203
1.0205
1.0205
1.0204
1.0201
1.0201
1.0201
1.0202
1.0200
1.0201
1.0202
1.0201
1.0200
1.0201
1.0203
1.0206
1.0209
1.0210
1.0212
1.0209
1.0205
1.0204
1.0203
1.0202
1.0204
1.0206
1.0205
1.0206
1.0207
1.0204
1.0202
1.0200
1.0196
1.0194
1.0196
1.0199
1.0201
1.0205
1.0207
1.0208
1.0207
1.0208
1.0210
1.0209
1.0211
1.0211
1.0210
1.0210
1.0210
1.0211
1.0211
1.0211
1.0209
1.0210
1.0209
1.0208
1.0209
1.0209
1.0208
1.0208
1.0209
1.0207
1.0206
1.0205
1.0208
1.0210
1.0211
1.0213
1.0214
1.0211
1.0209
1.0210
1.0218
1.0220
1.0221
1.0221
1.0221
1.0212
1.0213
1.0213
1.0215
1.0216
1.0217
1.0216
1.0217
1.0217
1.0216
1.0219
1.0218
1.0218
1.0218
1.0215
1.0213
1.0211
1.0213
1.0213
1.0218
1.0219
1.0219
1.0217
1.0217
1.0216
1.0215
1.0215
1.0217
1.0217
1.0218
1.0221
1.0220
1.0218
1.0217
1.0217
1.0216
1.0217
1.0219
1.0219
1.0219
1.0219
1.0219
1.0218
1.0221
1.0219
1.0219
1.0220
1.0222
1.0222
1.0224
1.0222
1.0220
1.0217
1.0215
1.0214
1.0216
1.0217
1.0218
1.0217
1.0216
1.0213
1.0214
1.0215
1.0217
1.0215
1.0216
1.0216
1.0216
1.0217
1.0219
1.0220
1.0223
1.0221
1.0223
1.0221
1.0219
1.0216
1.0217
1.0215
1.0216
1.0219
1.0217
1.0216
1.0213
1.0209
1.0206
1.0205
1.0205
1.0208
1.0210
1.0213
1.0214
1.0219
1.0219
1.0217
1.0227
1.0251
1.0254
1.0283
1.0417
1.1125
1.0385
1.0481
