1.0217
1.0648
1.0349
0.7689
-0.4684
-9.5566
4.1699
3.8106
3.8172
4.1306
4.5280
4.8713
5.1678
4.7730
4.3823
4.8311
4.5337
4.6645
5.4860
5.7663
4.1880
3.8011
3.7096
3.6235
3.3964
3.9497
3.9277
3.7059
3.6666
4.3865
4.0429
5.0987
5.3482
5.9648
3.6402
3.6219
3.2219
3.1194
2.8616
3.1267
3.1383
3.3833
3.3835
3.4642
3.8495
3.9513
3.2919
3.3752
3.2407
2.8675
2.8891
2.9784
2.8168
2.7509
3.0176
2.8033
2.8360
2.8823
2.8677
2.8141
2.9442
2.9666
3.1965
3.2830
3.2234
3.2294
3.2193
3.2124
3.3279
3.3351
3.1189
2.9355
2.8481
2.7151
2.6585
2.7788
2.9157
2.7363
2.8384
2.6654
2.6351
2.5439
2.6514
2.6609
2.6826
2.6569
2.6659
2.6225
2.5412
2.7528
2.7049
2.6688
2.6208
2.6866
2.5978
2.6314
2.7025
2.6625
2.6707
2.6519
2.5889
2.5376
2.6414
2.4905
2.4755
2.5369
2.5953
2.5088
2.6262
2.5289
2.4673
2.4387
2.4051
2.3923
2.4190
2.3342
2.3458
2.3653
2.3104
2.3235
2.3064
2.2136
2.2025
2.1978
2.2140
2.2437
2.2775
2.2223
2.2245
2.1526
2.1574
2.1522
2.1953
2.2534
2.3341
2.3465
2.3427
2.3663
2.2848
2.2718
2.2685
2.2660
2.2429
2.2966
2.2873
2.2622
2.2595
2.3304
2.2610
2.2726
2.2411
2.2691
2.2343
2.2689
2.2996
2.4308
2.4474
2.4109
2.5299
2.5296
2.4242
2.4761
2.6063
2.5843
2.5907
2.7246
2.7698
2.7127
2.4503
2.5021
2.4744
2.4664
2.5023
2.8401
2.6320
2.7507
2.7312
2.6151
2.5795
2.6581
2.5392
2.5279
2.6134
2.5528
2.5892
2.7164
2.7623
2.7163
2.8701
2.8210
2.8161
2.8035
2.7958
2.7553
2.7458
2.6322
2.6778
2.6170
2.5232
2.5737
2.6375
2.5559
2.5321
2.5263
2.5536
2.6152
2.5995
2.5953
2.7170
2.5250
2.4534
2.3973
2.4020
2.3072
2.2718
2.2091
2.2370
2.2407
2.1994
2.1471
2.1500
2.0547
1.9750
1.8887
1.8527
1.7799
1.7662
1.7568
1.7931
1.8030
1.8172
1.7718
1.7196
1.6368
1.5616
1.4966
1.4381
1.3855
1.3473
1.3040
1.2627
1.2252
1.1961
1.1713
1.1791
1.1972
1.2432
1.2820
1.2973
1.2661
1.2169
1.1520
1.1064
1.0667
1.0389
1.0156
0.9990
0.9729
0.9557
0.9433
0.9327
0.9182
0.9146
0.9142
0.9253
0.9460
0.9766
1.0027
1.0296
1.0263
1.0060
0.9799
0.9646
0.9419
0.9280
0.9168
0.9082
0.9003
0.8966
0.8950
0.8928
0.8927
0.8911
0.8898
0.8916
0.8917
0.8926
0.9002
0.9125
0.9224
0.9347
0.9412
0.9384
0.9301
0.9240
0.9220
0.9200
0.9205
0.9195
0.9182
0.9169
0.9167
0.9146
0.9163
0.9174
0.9169
0.9174
0.9190
0.9178
0.9169
0.9180
0.9200
0.9235
0.9297
0.9364
0.9416
0.9460
0.9474
0.9448
0.9427
0.9445
0.9446
0.9455
0.9469
0.9470
0.9469
0.9487
0.9485
0.9489
0.9514
0.9517
0.9514
0.9538
0.9558
0.9560
0.9571
0.9593
0.9606
0.9604
0.9609
0.9625
0.9658
0.9695
0.9733
0.9770
0.9792
0.9778
0.9740
0.9727
0.9729
0.9725
0.9735
0.9741
0.9734
0.9742
0.9750
0.9743
0.9755
0.9772
0.9761
0.9762
0.9776
0.9772
0.9764
0.9776
0.9791
0.9791
0.9795
0.9809
0.9818
0.9822
0.9828
0.9847
0.9879
0.9905
0.9919
0.9930
0.9925
0.9903
0.9880
0.9880
0.9877
0.9880
0.9879
0.9874
0.9872
0.9877
0.9870
0.9868
0.9878
0.9873
0.9866
0.9876
0.9877
0.9868
0.9868
0.9872
0.9869
0.9865
0.9871
0.9883
0.9892
0.9898
0.9905
0.9908
0.9910
0.9915
0.9934
0.9959
0.9975
0.9987
0.9990
0.9980
0.9961
0.9953
0.9948
0.9945
0.9946
0.9946
0.9945
0.9949
0.9951
0.9947
0.9954
0.9956
0.9952
0.9955
0.9960
0.9956
0.9957
0.9961
0.9964
0.9962
0.9963
0.9966
0.9965
0.9964
0.9965
0.9966
0.9965
0.9964
0.9963
0.9962
0.9962
0.9966
0.9974
0.9976
0.9976
0.9972
0.9964
0.9952
0.9947
0.9943
0.9940
0.9938
0.9933
0.9927
0.9925
0.9921
0.9916
0.9921
0.9928
0.9933
0.9943
0.9953
0.9954
0.9954
0.9957
0.9961
0.9966
0.9974
0.9983
0.9991
0.9997
0.9998
1.0001
1.0003
1.0003
1.0003
1.0005
1.0004
1.0004
1.0007
1.0010
1.0014
1.0018
1.0022
1.0022
1.0022
1.0019
1.0016
1.0014
1.0014
1.0012
1.0013
1.0013
1.0013
1.0014
1.0014
1.0012
1.0011
1.0008
1.0006
1.0005
1.0006
1.0005
1.0007
1.0008
1.0008
1.0007
1.0007
1.0007
1.0006
1.0006
1.0005
1.0004
1.0004
1.0003
1.0004
1.0004
1.0005
1.0006
1.0006
1.0004
1.0004
1.0002
0.9999
0.9997
0.9995
0.9991
0.9988
0.9986
0.9986
0.9987
0.9990
0.9992
0.9993
0.9997
0.9997
1.0000
1.0002
1.0006
1.0007
1.0012
1.0015
1.0018
1.0020
1.0024
1.0026
1.0029
1.0031
1.0033
1.0033
1.0034
1.0036
1.0037
1.0038
1.0041
1.0043
1.0043
1.0045
1.0045
1.0046
1.0046
1.0047
1.0046
1.0047
1.0045
1.0044
1.0044
1.0043
1.0043
1.0043
1.0043
1.0043
1.0042
1.0040
1.0041
1.0041
1.0041
1.0042
1.0043
1.0044
1.0043
1.0044
1.0044
1.0045
1.0046
1.0048
1.0049
1.0052
1.0054
1.0054
1.0054
1.0053
1.0052
1.0052
1.0052
1.0053
1.0054
1.0054
1.0054
1.0055
1.0055
1.0057
1.0058
1.0059
1.0058
1.0058
1.0058
1.0059
1.0059
1.0060
1.0060
1.0061
1.0060
1.0060
1.0061
1.0061
1.0060
1.0061
1.0063
1.0062
1.0062
1.0063
1.0062
1.0061
1.0061
1.0061
1.0060
1.0061
1.0061
1.0062
1.0061
1.0060
1.0060
1.0059
1.0058
1.0058
1.0056
1.0056
1.0056
1.0055
1.0054
1.0054
1.0052
1.0052
1.0053
1.0053
1.0054
1.0055
1.0055
1.0056
1.0057
1.0056
1.0058
1.0059
1.0059
1.0059
1.0060
1.0060
1.0059
1.0060
1.0061
1.0062
1.0062
1.0063
1.0063
1.0064
1.0064
1.0064
1.0064
1.0064
1.0064
1.0063
1.0063
1.0064
1.0064
1.0064
1.0065
1.0066
1.0066
1.0066
1.0067
1.0066
1.0066
1.0066
1.0065
1.0065
1.0065
1.0064
1.0063
1.0063
1.0062
1.0062
1.0063
1.0063
1.0065
1.0065
1.0064
1.0063
1.0063
1.0062
1.0060
1.0060
1.0059
1.0057
1.0056
1.0055
1.0053
1.0051
1.0049
1.0047
1.0045
1.0043
1.0043
1.0043
1.0045
1.0048
1.0049
1.0049
1.0049
1.0048
1.0047
1.0049
1.0050
1.0052
1.0053
1.0054
1.0055
1.0056
1.0057
1.0057
1.0059
1.0059
1.0058
1.0059
1.0059
1.0058
1.0059
1.0059
1.0060
1.0059
1.0060
1.0059
1.0060
1.0060
1.0059
1.0059
1.0059
1.0058
1.0058
1.0058
1.0058
1.0058
1.0057
1.0058
1.0058
1.0057
1.0057
1.0057
1.0056
1.0056
1.0057
1.0057
1.0057
1.0057
1.0058
1.0057
1.0058
1.0057
1.0057
1.0056
1.0056
1.0055
1.0055
1.0055
1.0055
1.0055
1.0055
1.0053
1.0052
1.0050
1.0050
1.0048
1.0049
1.0050
1.0050
1.0050
1.0051
1.0051
1.0051
1.0051
1.0051
1.0052
1.0052
1.0053
1.0052
1.0052
1.0053
1.0053
1.0054
1.0055
1.0055
1.0055
1.0055
1.0055
1.0055
1.0054
1.0054
1.0054
1.0054
1.0053
1.0054
1.0055
1.0055
1.0056
1.0056
1.0057
1.0056
1.0055
1.0055
1.0055
1.0055
1.0055
1.0055
1.0055
1.0055
1.0056
1.0057
1.0057
1.0057
1.0057
1.0056
1.0055
1.0054
1.0054
1.0055
1.0056
1.0057
1.0058
1.0057
1.0056
1.0055
1.0055
1.0054
1.0054
1.0055
1.0056
1.0057
1.0058
1.0058
1.0058
1.0058
1.0057
1.0056
1.0055
1.0054
1.0054
1.0054
1.0053
1.0053
1.0053
1.0052
1.0051
1.0052
1.0052
1.0052
1.0053
1.0054
1.0054
1.0054
1.0054
1.0054
1.0054
1.0054
1.0053
1.0054
1.0054
1.0055
1.0056
1.0057
1.0056
1.0056
1.0056
1.0057
1.0057
1.0058
1.0058
1.0058
1.0057
1.0057
1.0057
1.0056
1.0055
1.0055
1.0055
1.0054
1.0054
1.0054
1.0054
1.0052
1.0051
1.0049
1.0046
1.0044
1.0043
1.0043
1.0045
1.0048
1.0052
1.0053
1.0054
1.0054
1.0054
1.0053
1.0053
1.0053
1.0054
1.0054
1.0054
1.0056
1.0056
1.0056
1.0057
1.0058
1.0058
1.0059
1.0058
1.0059
1.0059
1.0059
1.0059
1.0060
1.0059
1.0059
1.0059
1.0060
1.0060
1.0059
1.0059
1.0060
1.0059
1.0059
1.0060
1.0061
1.0061
1.0062
1.0061
1.0061
1.0061
1.0061
1.0061
1.0061
1.0060
1.0060
1.0060
1.0060
1.0061
1.0062
1.0063
1.0063
1.0063
1.0064
1.0064
1.0064
1.0064
1.0064
1.0064
1.0064
1.0064
1.0063
1.0064
1.0063
1.0064
1.0065
1.0065
1.0066
1.0066
1.0066
1.0066
1.0065
1.0065
1.0066
1.0066
1.0065
1.0066
1.0067
1.0067
1.0068
1.0068
1.0069
1.0069
1.0068
1.0069
1.0068
1.0069
1.0068
1.0069
1.0069
1.0069
1.0068
1.0068
1.0068
1.0067
1.0068
1.0068
1.0069
1.0070
1.0069
1.0069
1.0070
1.0070
1.0070
1.0071
1.0071
1.0071
1.0072
1.0071
1.0071
1.0071
1.0070
1.0070
1.0070
1.0070
1.0070
1.0070
1.0070
1.0070
1.0071
1.0071
1.0071
1.0071
1.0071
1.0072
1.0072
1.0073
1.0072
1.0073
1.0073
1.0073
1.0073
1.0075
1.0074
1.0074
1.0074
1.0074
1.0074
1.0075
1.0075
1.0076
1.0076
1.0076
1.0075
1.0076
1.0076
1.0076
1.0075
1.0075
1.0075
1.0075
1.0075
1.0076
1.0076
1.0076
1.0076
1.0077
1.0077
1.0077
1.0079
1.0078
1.0078
1.0079
1.0079
1.0079
1.0080
1.0080
1.0079
1.0078
1.0078
1.0079
1.0079
1.0080
1.0080
1.0080
1.0081
1.0080
1.0079
1.0079
1.0079
1.0079
1.0079
1.0080
1.0081
1.0083
1.0083
1.0083
1.0083
1.0081
1.0081
1.0080
1.0080
1.0081
1.0081
1.0081
1.0083
1.0083
1.0083
1.0083
1.0082
1.0082
1.0082
1.0082
1.0081
1.0082
1.0082
1.0081
1.0081
1.0081
1.0081
1.0080
1.0080
1.0079
1.0079
1.0078
1.0079
1.0079
1.0080
1.0081
1.0083
1.0083
1.0083
1.0083
1.0082
1.0082
1.0082
1.0082
1.0083
1.0083
1.0084
1.0085
1.0086
1.0086
1.0086
1.0086
1.0086
1.0087
1.0088
1.0088
1.0087
1.0087
1.0086
1.0086
1.0085
1.0085
1.0085
1.0085
1.0087
1.0088
1.0089
1.0091
1.0091
1.0091
1.0091
1.0090
1.0088
1.0087
1.0086
1.0085
1.0086
1.0087
1.0087
1.0088
1.0089
1.0090
1.0091
1.0093
1.0093
1.0093
1.0092
1.0092
1.0091
1.0091
1.0090
1.0090
1.0089
1.0089
1.0089
1.0089
1.0089
1.0090
1.0090
1.0091
1.0092
1.0091
1.0091
1.0091
1.0090
1.0090
1.0091
1.0091
1.0092
1.0092
1.0093
1.0094
1.0094
1.0095
1.0095
1.0094
1.0093
1.0093
1.0092
1.0092
1.0092
1.0092
1.0092
1.0093
1.0093
1.0093
1.0094
1.0094
1.0094
1.0093
1.0094
1.0094
1.0094
1.0095
1.0095
1.0096
1.0095
1.0096
1.0095
1.0094
1.0094
1.0095
1.0095
1.0095
1.0097
1.0097
1.0096
1.0095
1.0096
1.0095
1.0096
1.0096
1.0096
1.0097
1.0097
1.0097
1.0097
1.0097
1.0097
1.0097
1.0097
1.0097
1.0099
1.0099
1.0099
1.0099
1.0099
1.0097
1.0097
1.0097
1.0098
1.0100
1.0100
1.0100
1.0100
1.0101
1.0100
1.0100
1.0100
1.0100
1.0101
1.0101
1.0102
1.0102
1.0103
1.0103
1.0103
1.0104
1.0104
1.0104
1.0105
1.0105
1.0104
1.0104
1.0103
1.0102
1.0102
1.0103
1.0103
1.0104
1.0104
1.0104
1.0104
1.0104
1.0104
1.0105
1.0106
1.0106
1.0105
1.0106
1.0106
1.0106
1.0106
1.0107
1.0107
1.0107
1.0106
1.0107
1.0108
1.0108
1.0108
1.0109
1.0109
1.0109
1.0109
1.0109
1.0109
1.0109
1.0109
1.0110
1.0110
1.0109
1.0110
1.0110
1.0111
1.0112
1.0112
1.0112
1.0112
1.0112
1.0113
1.0112
1.0112
1.0111
1.0111
1.0111
1.0112
1.0112
1.0112
1.0113
1.0113
1.0113
1.0114
1.0114
1.0114
1.0114
1.0115
1.0114
1.0115
1.0115
1.0116
1.0116
1.0117
1.0117
1.0117
1.0117
1.0117
1.0118
1.0118
1.0118
1.0119
1.0118
1.0118
1.0118
1.0118
1.0118
1.0118
1.0119
1.0119
1.0119
1.0119
1.0119
1.0119
1.0119
1.0120
1.0121
1.0121
1.0121
1.0121
1.0121
1.0121
1.0122
1.0122
1.0122
1.0122
1.0121
1.0121
1.0122
1.0122
1.0122
1.0123
1.0123
1.0123
1.0124
1.0123
1.0124
1.0125
1.0125
1.0125
1.0127
1.0127
1.0126
1.0126
1.0125
1.0124
1.0124
1.0125
1.0126
1.0127
1.0127
1.0127
1.0127
1.0126
1.0125
1.0126
1.0126
1.0125
1.0126
1.0127
1.0126
1.0128
1.0129
1.0129
1.0130
1.0130
1.0130
1.0129
1.0130
1.0130
1.0131
1.0131
1.0131
1.0131
1.0131
1.0131
1.0131
1.0131
1.0131
1.0132
1.0133
1.0133
1.0133
1.0134
1.0134
1.0134
1.0135
1.0134
1.0134
1.0134
1.0133
1.0133
1.0133
1.0133
1.0133
1.0134
1.0135
1.0135
1.0136
1.0136
1.0136
1.0136
1.0137
1.0137
1.0137
1.0136
1.0136
1.0137
1.0137
1.0137
1.0137
1.0137
1.0137
1.0137
1.0137
1.0137
1.0138
1.0138
1.0138
1.0138
1.0139
1.0138
1.0138
1.0138
1.0138
1.0139
1.0139
1.0141
1.0141
1.0142
1.0143
1.0143
1.0142
1.0142
1.0142
1.0143
1.0143
1.0143
1.0143
1.0142
1.0142
1.0144
1.0144
1.0145
1.0145
1.0145
1.0144
1.0143
1.0143
1.0143
1.0144
1.0144
1.0145
1.0144
1.0144
1.0143
1.0143
1.0143
1.0144
1.0144
1.0144
1.0143
1.0144
1.0143
1.0144
1.0146
1.0147
1.0147
1.0147
1.0146
1.0146
1.0147
1.0146
1.0145
1.0146
1.0147
1.0146
1.0146
1.0147
1.0147
1.0148
1.0149
1.0150
1.0150
1.0150
1.0149
1.0149
1.0149
1.0150
1.0149
1.0150
1.0151
1.0151
1.0150
1.0151
1.0152
1.0151
1.0151
1.0151
1.0150
1.0151
1.0151
1.0152
1.0154
1.0153
1.0153
1.0153
1.0152
1.0151
1.0152
1.0153
1.0154
1.0153
1.0152
1.0152
1.0152
1.0152
1.0153
1.0154
1.0154
1.0155
1.0154
1.0154
1.0154
1.0155
1.0154
1.0155
1.0155
1.0154
1.0155
1.0157
1.0156
1.0156
1.0156
1.0156
1.0154
1.0154
1.0155
1.0155
1.0155
1.0154
1.0156
1.0157
1.0158
1.0159
1.0160
1.0159
1.0158
1.0159
1.0159
1.0158
1.0158
1.0158
1.0157
1.0158
1.0159
1.0159
1.0159
1.0160
1.0159
1.0159
1.0159
1.0160
1.0160
1.0160
1.0161
1.0161
1.0161
1.0161
1.0161
1.0160
1.0159
1.0159
1.0159
1.0162
1.0162
1.0163
1.0163
1.0162
1.0160
1.0159
1.0159
1.0159
1.0160
1.0160
1.0163
1.0163
1.0163
1.0163
1.0164
1.0163
1.0162
1.0163
1.0163
1.0163
1.0161
1.0163
1.0164
1.0163
1.0165
1.0167
1.0166
1.0166
1.0167
1.0166
1.0165
1.0165
1.0164
1.0164
1.0164
1.0164
1.0165
1.0166
1.0166
1.0166
1.0165
1.0165
1.0164
1.0167
1.0168
1.0169
1.0169
1.0170
1.0167
1.0165
1.0165
1.0166
1.0166
1.0168
1.0170
1.0172
1.0171
1.0169
1.0168
1.0169
1.0168
1.0169
1.0171
1.0171
1.0170
1.0171
1.0170
1.0168
1.0169
1.0171
1.0171
1.0174
1.0175
1.0175
1.0174
1.0173
1.0171
1.0170
1.0171
1.0172
1.0171
1.0172
1.0172
1.0173
1.0173
1.0174
1.0177
1.0178
1.0178
1.0178
1.0177
1.0174
1.0175
1.0175
1.0175
1.0176
1.0176
1.0178
1.0178
1.0177
1.0177
1.0176
1.0175
1.0175
1.0175
1.0176
1.0176
1.0178
1.0177
1.0177
1.0177
1.0178
1.0177
1.0178
1.0177
1.0176
1.0177
1.0176
1.0176
1.0177
1.0179
1.0180
1.0182
1.0181
1.0180
1.0180
1.0180
1.0178
1.0178
1.0179
1.0180
1.0179
1.0180
1.0180
1.0180
1.0180
1.0181
1.0181
1.0181
1.0179
1.0181
1.0178
1.0180
1.0182
1.0184
1.0183
1.0184
1.0184
1.0183
1.0183
1.0184
1.0185
1.0185
1.0184
1.0184
1.0182
1.0182
1.0185
1.0187
1.0188
1.0188
1.0187
1.0185
1.0184
1.0184
1.0185
1.0185
1.0186
1.0187
1.0185
1.0184
1.0185
1.0185
1.0184
1.0186
1.0187
1.0188
1.0187
1.0187
1.0186
1.0186
1.0184
1.0184
1.0185
1.0188
1.0190
1.0191
1.0192
1.0193
1.0191
1.0190
1.0191
1.0191
1.0190
1.0190
1.0189
1.0189
1.0190
1.0192
1.0192
1.0194
1.0195
1.0195
1.0193
1.0193
1.0193
1.0192
1.0192
1.0193
1.0194
1.0193
1.0193
1.0192
1.0193
1.0193
1.0194
1.0195
1.0195
1.0195
1.0194
1.0193
1.0194
1.0194
1.0195
1.0195
1.0194
1.0194
1.0195
1.0195
1.0194
1.0197
1.0198
1.0198
1.0199
1.0200
1.0199
1.0198
1.0200
1.0199
1.0199
1.0200
1.0199
1.0197
1.0199
1.0199
1.0199
1.0200
1.0200
1.0199
1.0201
1.0203
1.0203
1.0205
1.0205
1.0204
1.0201
1.0201
1.0201
1.0202
1.0200
1.0201
1.0202
1.0200
1.0200
1.0201
1.0203
1.0207
1.0209
1.0211
1.0213
1.0210
1.0206
1.0204
1.0203
1.0202
1.0204
1.0205
1.0205
1.0206
1.0207
1.0204
1.0202
1.0200
1.0196
1.0194
1.0196
1.0199
1.0201
1.0205
1.0207
1.0208
1.0207
1.0208
1.0210
1.0209
1.0211
1.0211
1.0210
1.0210
1.0210
1.0211
1.0210
1.0211
1.0209
1.0210
1.0209
1.0208
1.0209
1.0209
1.0208
1.0208
1.0209
1.0208
1.0207
1.0206
1.0208
1.0211
1.0211
1.0213
1.0213
1.0211
1.0209
1.0210
1.0218
1.0220
1.0221
1.0221
1.0221
1.0212
1.0213
1.0213
1.0215
1.0216
1.0217
1.0216
1.0217
1.0217
1.0216
1.0219
1.0218
1.0218
1.0218
1.0215
1.0213
1.0212
1.0213
1.0213
1.0218
1.0219
1.0219
1.0217
1.0217
1.0216
1.0215
1.0215
1.0217
1.0217
1.0218
1.0221
1.0220
1.0218
1.0217
1.0217
1.0216
1.0218
1.0220
1.0219
1.0219
1.0219
1.0219
1.0218
1.0221
1.0219
1.0219
1.0220
1.0222
1.0222
1.0224
1.0222
1.0220
1.0217
1.0215
1.0214
1.0216
1.0217
1.0218
1.0217
1.0216
1.0213
1.0214
1.0215
1.0216
1.0214
1.0216
1.0216
1.0216
1.0217
1.0219
1.0220
1.0223
1.0221
1.0223
1.0221
1.0219
1.0217
1.0217
1.0215
1.0216
1.0219
1.0217
1.0216
1.0213
1.0209
1.0206
1.0205
1.0205
1.0209
1.0210
1.0213
1.0214
1.0219
1.0219
1.0218
1.0227
1.0252
1.0255
1.0284
1.0419
1.1128
1.0386
1.0477
