1.0217
1.0650
1.0349
0.7691
-0.4676
-9.5508
4.1679
3.8089
3.8151
4.1296
4.5276
4.8712
5.1679
4.7729
4.3815
4.8294
4.5319
4.6618
5.4837
5.7640
4.1872
3.8008
3.7095
3.6234
3.3966
3.9494
3.9271
3.7047
3.6652
4.3836
4.0404
5.0970
5.3482
5.9654
3.6409
3.6224
3.2217
3.1191
2.8613
3.1259
3.1375
3.3824
3.3829
3.4632
3.8486
3.9508
3.2911
3.3734
3.2397
2.8668
2.8884
2.9782
2.8171
2.7510
3.0173
2.8031
2.8360
2.8827
2.8677
2.8143
2.9440
2.9661
3.1947
3.2816
3.2222
3.2289
3.2187
3.2122
3.3276
3.3346
3.1177
2.9343
2.8468
2.7139
2.6573
2.7774
2.9146
2.7356
2.8375
2.6646
2.6344
2.5429
2.6501
2.6595
2.6814
2.6562
2.6652
2.6222
2.5410
2.7525
2.7045
2.6682
2.6205
2.6864
2.5974
2.6309
2.7021
2.6619
2.6701
2.6516
2.5886
2.5372
2.6411
2.4902
2.4750
2.5362
2.5947
2.5084
2.6255
2.5285
2.4670
2.4383
2.4042
2.3917
2.4181
2.3333
2.3449
2.3646
2.3098
2.3230
2.3059
2.2130
2.2020
2.1971
2.2129
2.2431
2.2770
2.2219
2.2242
2.1526
2.1573
2.1522
2.1953
2.2535
2.3342
2.3465
2.3424
2.3656
2.2840
2.2709
2.2674
2.2650
2.2423
2.2961
2.2869
2.2622
2.2595
2.3301
2.2606
2.2721
2.2404
2.2685
2.2340
2.2687
2.2996
2.4309
2.4471
2.4105
2.5294
2.5291
2.4235
2.4758
2.6059
2.5841
2.5902
2.7241
2.7690
2.7115
2.4493
2.5010
2.4739
2.4657
2.5017
2.8392
2.6315
2.7499
2.7305
2.6146
2.5795
2.6576
2.5387
2.5275
2.6132
2.5519
2.5887
2.7152
2.7608
2.7149
2.8689
2.8198
2.8156
2.8032
2.7954
2.7549
2.7456
2.6320
2.6779
2.6171
2.5231
2.5736
2.6376
2.5556
2.5317
2.5263
2.5537
2.6147
2.5987
2.5945
2.7163
2.5240
2.4527
2.3972
2.4022
2.3074
2.2722
2.2092
2.2370
2.2405
2.1986
2.1464
2.1497
2.0541
1.9744
1.8883
1.8521
1.7793
1.7660
1.7566
1.7930
1.8027
1.8169
1.7715
1.7194
1.6368
1.5618
1.4967
1.4384
1.3857
1.3472
1.3039
1.2626
1.2250
1.1960
1.1713
1.1791
1.1972
1.2432
1.2821
1.2974
1.2662
1.2169
1.1520
1.1063
1.0667
1.0389
1.0157
0.9991
0.9729
0.9557
0.9434
0.9327
0.9182
0.9145
0.9141
0.9252
0.9459
0.9765
1.0027
1.0296
1.0262
1.0059
0.9798
0.9644
0.9418
0.9279
0.9168
0.9082
0.9003
0.8966
0.8949
0.8928
0.8927
0.8911
0.8898
0.8916
0.8918
0.8927
0.9002
0.9125
0.9224
0.9348
0.9413
0.9384
0.9301
0.9240
0.9220
0.9200
0.9206
0.9195
0.9182
0.9169
0.9167
0.9146
0.9163
0.9175
0.9170
0.9174
0.9190
0.9178
0.9170
0.9180
0.9200
0.9235
0.9297
0.9364
0.9416
0.9461
0.9474
0.9448
0.9427
0.9445
0.9446
0.9455
0.9469
0.9470
0.9469
0.9487
0.9485
0.9490
0.9515
0.9518
0.9514
0.9538
0.9558
0.9560
0.9571
0.9593
0.9606
0.9604
0.9609
0.9625
0.9658
0.9695
0.9733
0.9770
0.9792
0.9778
0.9740
0.9727
0.9729
0.9725
0.9735
0.9741
0.9734
0.9742
0.9750
0.9743
0.9755
0.9772
0.9761
0.9763
0.9776
0.9772
0.9764
0.9776
0.9791
0.9791
0.9795
0.9809
0.9818
0.9822
0.9828
0.9847
0.9879
0.9905
0.9919
0.9930
0.9925
0.9903
0.9880
0.9879
0.9876
0.9880
0.9879
0.9875
0.9872
0.9877
0.9870
0.9868
0.9878
0.9873
0.9867
0.9876
0.9877
0.9868
0.9869
0.9872
0.9869
0.9865
0.9871
0.9883
0.9892
0.9898
0.9905
0.9908
0.9910
0.9915
0.9934
0.9959
0.9975
0.9986
0.9990
0.9980
0.9960
0.9953
0.9948
0.9945
0.9946
0.9947
0.9945
0.9949
0.9951
0.9947
0.9954
0.9956
0.9953
0.9955
0.9960
0.9956
0.9957
0.9961
0.9963
0.9961
0.9963
0.9966
0.9965
0.9964
0.9965
0.9966
0.9965
0.9964
0.9963
0.9962
0.9962
0.9966
0.9974
0.9976
0.9976
0.9972
0.9964
0.9952
0.9947
0.9943
0.9940
0.9938
0.9933
0.9927
0.9925
0.9922
0.9917
0.9921
0.9928
0.9933
0.9943
0.9953
0.9954
0.9954
0.9957
0.9961
0.9966
0.9974
0.9983
0.9991
0.9996
0.9998
1.0001
1.0003
1.0002
1.0002
1.0005
1.0004
1.0004
1.0007
1.0010
1.0014
1.0018
1.0022
1.0021
1.0022
1.0019
1.0016
1.0014
1.0014
1.0012
1.0013
1.0013
1.0013
1.0013
1.0013
1.0012
1.0010
1.0008
1.0006
1.0005
1.0005
1.0005
1.0007
1.0008
1.0007
1.0007
1.0007
1.0007
1.0006
1.0006
1.0005
1.0004
1.0004
1.0003
1.0004
1.0004
1.0005
1.0006
1.0006
1.0004
1.0004
1.0002
0.9999
0.9997
0.9995
0.9991
0.9988
0.9987
0.9986
0.9987
0.9990
0.9992
0.9994
0.9997
0.9997
1.0000
1.0002
1.0006
1.0007
1.0012
1.0015
1.0018
1.0020
1.0024
1.0026
1.0029
1.0031
1.0034
1.0033
1.0034
1.0036
1.0037
1.0038
1.0041
1.0043
1.0043
1.0045
1.0045
1.0046
1.0046
1.0047
1.0046
1.0047
1.0045
1.0044
1.0044
1.0043
1.0043
1.0043
1.0043
1.0042
1.0042
1.0040
1.0041
1.0041
1.0041
1.0042
1.0044
1.0044
1.0043
1.0044
1.0044
1.0045
1.0046
1.0048
1.0049
1.0052
1.0054
1.0054
1.0054
1.0053
1.0052
1.0052
1.0053
1.0053
1.0054
1.0054
1.0054
1.0054
1.0055
1.0057
1.0058
1.0059
1.0058
1.0058
1.0058
1.0059
1.0059
1.0060
1.0060
1.0061
1.0060
1.0060
1.0060
1.0061
1.0060
1.0061
1.0063
1.0062
1.0062
1.0063
1.0062
1.0061
1.0061
1.0060
1.0060
1.0061
1.0061
1.0062
1.0061
1.0060
1.0060
1.0059
1.0058
1.0058
1.0056
1.0056
1.0056
1.0055
1.0054
1.0054
1.0052
1.0052
1.0053
1.0053
1.0054
1.0055
1.0055
1.0056
1.0057
1.0056
1.0058
1.0059
1.0059
1.0059
1.0060
1.0060
1.0059
1.0060
1.0061
1.0062
1.0062
1.0063
1.0063
1.0064
1.0064
1.0064
1.0064
1.0064
1.0064
1.0063
1.0063
1.0064
1.0064
1.0064
1.0065
1.0066
1.0067
1.0067
1.0067
1.0066
1.0066
1.0065
1.0065
1.0065
1.0065
1.0064
1.0063
1.0063
1.0062
1.0062
1.0063
1.0064
1.0065
1.0065
1.0064
1.0063
1.0063
1.0062
1.0060
1.0060
1.0059
1.0058
1.0056
1.0055
1.0053
1.0051
1.0049
1.0047
1.0045
1.0043
1.0043
1.0043
1.0045
1.0048
1.0049
1.0049
1.0048
1.0048
1.0047
1.0049
1.0050
1.0052
1.0053
1.0054
1.0055
1.0056
1.0057
1.0057
1.0059
1.0059
1.0058
1.0059
1.0060
1.0059
1.0059
1.0059
1.0059
1.0059
1.0060
1.0059
1.0060
1.0060
1.0059
1.0059
1.0059
1.0058
1.0058
1.0058
1.0058
1.0058
1.0057
1.0058
1.0058
1.0056
1.0057
1.0057
1.0056
1.0056
1.0057
1.0057
1.0057
1.0058
1.0058
1.0057
1.0058
1.0057
1.0057
1.0056
1.0056
1.0055
1.0055
1.0055
1.0055
1.0055
1.0055
1.0053
1.0052
1.0050
1.0050
1.0048
1.0049
1.0050
1.0050
1.0050
1.0051
1.0051
1.0051
1.0051
1.0051
1.0052
1.0052
1.0053
1.0052
1.0052
1.0053
1.0053
1.0054
1.0055
1.0055
1.0055
1.0055
1.0055
1.0055
1.0054
1.0054
1.0054
1.0054
1.0054
1.0054
1.0055
1.0055
1.0056
1.0056
1.0057
1.0056
1.0055
1.0055
1.0055
1.0055
1.0055
1.0055
1.0055
1.0055
1.0056
1.0057
1.0057
1.0057
1.0057
1.0056
1.0055
1.0054
1.0054
1.0055
1.0056
1.0057
1.0058
1.0058
1.0056
1.0055
1.0055
1.0054
1.0054
1.0055
1.0056
1.0057
1.0058
1.0058
1.0058
1.0058
1.0057
1.0056
1.0055
1.0054
1.0054
1.0054
1.0053
1.0053
1.0053
1.0052
1.0051
1.0052
1.0052
1.0052
1.0053
1.0054
1.0054
1.0054
1.0054
1.0054
1.0054
1.0054
1.0053
1.0053
1.0054
1.0055
1.0056
1.0057
1.0056
1.0056
1.0056
1.0057
1.0057
1.0058
1.0058
1.0058
1.0057
1.0057
1.0057
1.0056
1.0055
1.0055
1.0055
1.0054
1.0054
1.0054
1.0054
1.0052
1.0051
1.0049
1.0046
1.0044
1.0043
1.0043
1.0045
1.0048
1.0052
1.0053
1.0054
1.0054
1.0054
1.0053
1.0053
1.0053
1.0054
1.0054
1.0054
1.0056
1.0055
1.0056
1.0057
1.0057
1.0058
1.0058
1.0058
1.0059
1.0059
1.0059
1.0059
1.0060
1.0059
1.0059
1.0059
1.0060
1.0060
1.0060
1.0060
1.0060
1.0059
1.0059
1.0060
1.0061
1.0061
1.0061
1.0061
1.0061
1.0061
1.0061
1.0061
1.0061
1.0061
1.0060
1.0060
1.0060
1.0061
1.0062
1.0063
1.0063
1.0064
1.0064
1.0063
1.0064
1.0064
1.0064
1.0064
1.0064
1.0064
1.0063
1.0064
1.0063
1.0064
1.0065
1.0065
1.0065
1.0066
1.0066
1.0066
1.0065
1.0065
1.0066
1.0066
1.0065
1.0066
1.0066
1.0067
1.0067
1.0068
1.0069
1.0069
1.0068
1.0069
1.0068
1.0069
1.0068
1.0068
1.0069
1.0069
1.0068
1.0069
1.0068
1.0067
1.0068
1.0068
1.0069
1.0070
1.0069
1.0069
1.0070
1.0070
1.0070
1.0071
1.0071
1.0071
1.0072
1.0071
1.0071
1.0071
1.0071
1.0070
1.0070
1.0070
1.0070
1.0070
1.0070
1.0070
1.0071
1.0071
1.0071
1.0071
1.0071
1.0072
1.0072
1.0073
1.0072
1.0073
1.0073
1.0073
1.0073
1.0075
1.0075
1.0074
1.0074
1.0074
1.0074
1.0075
1.0075
1.0075
1.0076
1.0076
1.0075
1.0076
1.0076
1.0076
1.0075
1.0076
1.0075
1.0075
1.0075
1.0076
1.0076
1.0076
1.0076
1.0077
1.0077
1.0077
1.0078
1.0077
1.0078
1.0078
1.0079
1.0079
1.0080
1.0080
1.0079
1.0079
1.0078
1.0079
1.0079
1.0080
1.0080
1.0080
1.0081
1.0080
1.0080
1.0079
1.0079
1.0079
1.0079
1.0080
1.0082
1.0083
1.0083
1.0083
1.0083
1.0081
1.0080
1.0080
1.0080
1.0081
1.0081
1.0082
1.0083
1.0083
1.0083
1.0083
1.0082
1.0082
1.0082
1.0082
1.0081
1.0082
1.0082
1.0081
1.0081
1.0081
1.0081
1.0080
1.0080
1.0079
1.0079
1.0078
1.0079
1.0079
1.0080
1.0081
1.0083
1.0083
1.0083
1.0083
1.0082
1.0082
1.0082
1.0082
1.0083
1.0083
1.0084
1.0085
1.0086
1.0086
1.0086
1.0086
1.0087
1.0087
1.0088
1.0088
1.0087
1.0087
1.0086
1.0086
1.0085
1.0085
1.0085
1.0085
1.0087
1.0088
1.0089
1.0091
1.0091
1.0091
1.0091
1.0089
1.0088
1.0087
1.0086
1.0085
1.0087
1.0087
1.0087
1.0088
1.0089
1.0090
1.0091
1.0093
1.0093
1.0093
1.0092
1.0092
1.0091
1.0091
1.0090
1.0090
1.0089
1.0089
1.0089
1.0089
1.0089
1.0089
1.0090
1.0091
1.0092
1.0091
1.0091
1.0091
1.0090
1.0090
1.0091
1.0091
1.0092
1.0092
1.0093
1.0094
1.0094
1.0095
1.0095
1.0094
1.0093
1.0093
1.0092
1.0092
1.0091
1.0092
1.0092
1.0092
1.0093
1.0093
1.0094
1.0094
1.0094
1.0093
1.0094
1.0094
1.0094
1.0095
1.0095
1.0096
1.0095
1.0096
1.0095
1.0094
1.0094
1.0095
1.0095
1.0095
1.0097
1.0097
1.0096
1.0095
1.0096
1.0095
1.0096
1.0096
1.0096
1.0097
1.0097
1.0097
1.0097
1.0097
1.0097
1.0097
1.0097
1.0097
1.0099
1.0099
1.0099
1.0099
1.0099
1.0097
1.0097
1.0097
1.0098
1.0100
1.0100
1.0100
1.0100
1.0101
1.0100
1.0100
1.0100
1.0100
1.0101
1.0101
1.0102
1.0102
1.0103
1.0103
1.0103
1.0104
1.0104
1.0104
1.0105
1.0105
1.0104
1.0104
1.0103
1.0102
1.0102
1.0103
1.0103
1.0104
1.0104
1.0104
1.0104
1.0104
1.0104
1.0105
1.0106
1.0106
1.0105
1.0106
1.0106
1.0106
1.0106
1.0107
1.0107
1.0106
1.0106
1.0107
1.0108
1.0108
1.0108
1.0109
1.0109
1.0109
1.0109
1.0109
1.0109
1.0109
1.0110
1.0110
1.0110
1.0110
1.0110
1.0110
1.0111
1.0112
1.0111
1.0112
1.0112
1.0112
1.0113
1.0112
1.0111
1.0111
1.0111
1.0111
1.0112
1.0112
1.0112
1.0112
1.0113
1.0113
1.0113
1.0114
1.0114
1.0114
1.0115
1.0114
1.0115
1.0115
1.0116
1.0116
1.0117
1.0117
1.0117
1.0117
1.0117
1.0118
1.0118
1.0118
1.0119
1.0118
1.0118
1.0118
1.0118
1.0118
1.0119
1.0119
1.0119
1.0119
1.0119
1.0119
1.0119
1.0119
1.0120
1.0121
1.0121
1.0121
1.0121
1.0121
1.0121
1.0122
1.0122
1.0122
1.0122
1.0121
1.0121
1.0122
1.0122
1.0122
1.0123
1.0123
1.0123
1.0124
1.0123
1.0124
1.0125
1.0125
1.0125
1.0127
1.0127
1.0126
1.0126
1.0125
1.0124
1.0124
1.0125
1.0126
1.0127
1.0127
1.0127
1.0127
1.0126
1.0125
1.0126
1.0126
1.0125
1.0126
1.0127
1.0127
1.0128
1.0129
1.0129
1.0130
1.0130
1.0130
1.0129
1.0130
1.0130
1.0131
1.0131
1.0131
1.0131
1.0131
1.0131
1.0131
1.0131
1.0131
1.0132
1.0133
1.0133
1.0134
1.0134
1.0134
1.0134
1.0135
1.0135
1.0135
1.0134
1.0133
1.0133
1.0133
1.0133
1.0133
1.0134
1.0135
1.0135
1.0136
1.0136
1.0136
1.0136
1.0137
1.0137
1.0137
1.0136
1.0136
1.0137
1.0137
1.0137
1.0137
1.0137
1.0137
1.0137
1.0137
1.0138
1.0138
1.0138
1.0138
1.0138
1.0139
1.0138
1.0138
1.0138
1.0138
1.0139
1.0139
1.0141
1.0141
1.0142
1.0143
1.0143
1.0143
1.0142
1.0142
1.0143
1.0143
1.0143
1.0143
1.0142
1.0142
1.0143
1.0144
1.0145
1.0145
1.0145
1.0144
1.0143
1.0143
1.0143
1.0144
1.0144
1.0145
1.0144
1.0144
1.0143
1.0143
1.0143
1.0144
1.0144
1.0144
1.0143
1.0144
1.0143
1.0144
1.0146
1.0147
1.0147
1.0147
1.0146
1.0146
1.0147
1.0146
1.0146
1.0146
1.0147
1.0146
1.0146
1.0147
1.0147
1.0148
1.0149
1.0150
1.0150
1.0150
1.0149
1.0149
1.0149
1.0150
1.0149
1.0150
1.0150
1.0151
1.0150
1.0151
1.0151
1.0151
1.0151
1.0151
1.0151
1.0151
1.0151
1.0153
1.0154
1.0153
1.0153
1.0153
1.0152
1.0151
1.0152
1.0153
1.0154
1.0153
1.0152
1.0152
1.0152
1.0152
1.0153
1.0154
1.0154
1.0155
1.0154
1.0153
1.0154
1.0155
1.0154
1.0155
1.0155
1.0154
1.0155
1.0156
1.0156
1.0156
1.0156
1.0155
1.0154
1.0154
1.0155
1.0155
1.0155
1.0154
1.0156
1.0157
1.0158
1.0159
1.0160
1.0159
1.0158
1.0159
1.0158
1.0158
1.0158
1.0158
1.0157
1.0157
1.0159
1.0159
1.0159
1.0159
1.0159
1.0159
1.0159
1.0160
1.0160
1.0161
1.0161
1.0161
1.0161
1.0161
1.0161
1.0160
1.0159
1.0159
1.0159
1.0162
1.0162
1.0163
1.0163
1.0162
1.0160
1.0159
1.0159
1.0159
1.0160
1.0160
1.0163
1.0163
1.0163
1.0163
1.0164
1.0163
1.0162
1.0163
1.0164
1.0163
1.0161
1.0163
1.0164
1.0163
1.0164
1.0167
1.0166
1.0166
1.0167
1.0166
1.0166
1.0165
1.0164
1.0164
1.0164
1.0164
1.0165
1.0166
1.0166
1.0166
1.0165
1.0165
1.0164
1.0167
1.0168
1.0169
1.0169
1.0170
1.0167
1.0165
1.0165
1.0166
1.0166
1.0168
1.0170
1.0172
1.0171
1.0169
1.0168
1.0169
1.0168
1.0169
1.0171
1.0171
1.0170
1.0171
1.0170
1.0169
1.0169
1.0171
1.0171
1.0174
1.0176
1.0175
1.0175
1.0173
1.0171
1.0171
1.0171
1.0171
1.0171
1.0172
1.0172
1.0172
1.0173
1.0173
1.0177
1.0178
1.0178
1.0178
1.0177
1.0174
1.0174
1.0175
1.0175
1.0176
1.0176
1.0178
1.0178
1.0177
1.0177
1.0176
1.0175
1.0175
1.0175
1.0176
1.0176
1.0177
1.0177
1.0177
1.0177
1.0178
1.0177
1.0178
1.0177
1.0176
1.0177
1.0176
1.0176
1.0177
1.0179
1.0180
1.0182
1.0181
1.0180
1.0180
1.0180
1.0178
1.0179
1.0179
1.0180
1.0179
1.0180
1.0180
1.0180
1.0180
1.0181
1.0181
1.0181
1.0179
1.0180
1.0178
1.0180
1.0182
1.0184
1.0183
1.0184
1.0183
1.0182
1.0182
1.0184
1.0185
1.0185
1.0184
1.0184
1.0182
1.0182
1.0185
1.0187
1.0188
1.0188
1.0187
1.0185
1.0184
1.0184
1.0185
1.0185
1.0186
1.0187
1.0185
1.0184
1.0185
1.0185
1.0184
1.0186
1.0187
1.0188
1.0187
1.0187
1.0186
1.0186
1.0184
1.0184
1.0185
1.0188
1.0189
1.0191
1.0192
1.0193
1.0191
1.0190
1.0191
1.0191
1.0190
1.0190
1.0189
1.0189
1.0190
1.0192
1.0192
1.0194
1.0195
1.0195
1.0193
1.0193
1.0193
1.0193
1.0192
1.0193
1.0194
1.0193
1.0193
1.0192
1.0193
1.0193
1.0195
1.0195
1.0195
1.0195
1.0194
1.0193
1.0194
1.0194
1.0195
1.0195
1.0194
1.0194
1.0195
1.0195
1.0194
1.0197
1.0198
1.0198
1.0199
1.0200
1.0198
1.0198
1.0200
1.0199
1.0199
1.0200
1.0199
1.0197
1.0199
1.0199
1.0199
1.0200
1.0200
1.0199
1.0201
1.0203
1.0203
1.0205
1.0205
1.0204
1.0201
1.0201
1.0201
1.0202
1.0201
1.0201
1.0202
1.0201
1.0200
1.0201
1.0203
1.0206
1.0209
1.0211
1.0212
1.0210
1.0206
1.0204
1.0203
1.0202
1.0204
1.0205
1.0205
1.0206
1.0207
1.0204
1.0202
1.0200
1.0196
1.0194
1.0195
1.0199
1.0201
1.0205
1.0207
1.0208
1.0207
1.0208
1.0210
1.0209
1.0211
1.0211
1.0210
1.0210
1.0210
1.0211
1.0211
1.0211
1.0209
1.0210
1.0209
1.0208
1.0209
1.0209
1.0208
1.0208
1.0209
1.0208
1.0207
1.0206
1.0208
1.0211
1.0211
1.0213
1.0213
1.0211
1.0209
1.0210
1.0218
1.0220
1.0221
1.0221
1.0221
1.0212
1.0213
1.0213
1.0215
1.0216
1.0217
1.0217
1.0217
1.0217
1.0216
1.0219
1.0218
1.0218
1.0218
1.0215
1.0213
1.0212
1.0213
1.0214
1.0218
1.0219
1.0219
1.0217
1.0217
1.0216
1.0215
1.0215
1.0217
1.0217
1.0218
1.0221
1.0220
1.0218
1.0217
1.0217
1.0216
1.0217
1.0219
1.0219
1.0219
1.0219
1.0219
1.0218
1.0221
1.0219
1.0219
1.0220
1.0222
1.0222
1.0224
1.0223
1.0221
1.0217
1.0215
1.0214
1.0216
1.0217
1.0218
1.0217
1.0216
1.0213
1.0214
1.0215
1.0217
1.0215
1.0216
1.0216
1.0216
1.0217
1.0219
1.0220
1.0223
1.0221
1.0223
1.0221
1.0219
1.0216
1.0217
1.0215
1.0216
1.0219
1.0217
1.0216
1.0213
1.0209
1.0206
1.0205
1.0205
1.0208
1.0210
1.0213
1.0214
1.0219
1.0219
1.0218
1.0227
1.0252
1.0255
1.0283
1.0418
1.1126
1.0383
1.0474
