1.0217
1.0651
1.0349
0.7690
-0.4685
-9.5559
4.1690
3.8086
3.8154
4.1288
4.5269
4.8701
5.1684
4.7737
4.3834
4.8313
4.5341
4.6636
5.4846
5.7631
4.1861
3.7998
3.7077
3.6213
3.3951
3.9483
3.9265
3.7053
3.6660
4.3854
4.0406
5.0962
5.3465
5.9629
3.6403
3.6227
3.2216
3.1191
2.8617
3.1251
3.1368
3.3812
3.3813
3.4615
3.8473
3.9497
3.2909
3.3731
3.2396
2.8667
2.8884
2.9785
2.8175
2.7516
3.0182
2.8026
2.8355
2.8823
2.8670
2.8138
2.9445
2.9661
3.1952
3.2821
3.2228
3.2293
3.2194
3.2122
3.3281
3.3349
3.1178
2.9348
2.8479
2.7139
2.6570
2.7776
2.9139
2.7342
2.8366
2.6643
2.6338
2.5428
2.6502
2.6595
2.6812
2.6554
2.6648
2.6217
2.5407
2.7522
2.7048
2.6680
2.6202
2.6855
2.5967
2.6300
2.7013
2.6615
2.6706
2.6519
2.5893
2.5380
2.6415
2.4902
2.4756
2.5365
2.5951
2.5090
2.6266
2.5287
2.4670
2.4383
2.4046
2.3921
2.4187
2.3342
2.3460
2.3657
2.3107
2.3236
2.3060
2.2128
2.2014
2.1967
2.2128
2.2430
2.2771
2.2224
2.2240
2.1523
2.1572
2.1521
2.1950
2.2532
2.3338
2.3461
2.3422
2.3655
2.2841
2.2714
2.2682
2.2657
2.2427
2.2966
2.2870
2.2620
2.2593
2.3303
2.2608
2.2725
2.2407
2.2684
2.2337
2.2682
2.2990
2.4309
2.4474
2.4110
2.5301
2.5299
2.4243
2.4765
2.6066
2.5850
2.5917
2.7250
2.7700
2.7122
2.4495
2.5013
2.4737
2.4652
2.5017
2.8394
2.6307
2.7489
2.7300
2.6136
2.5786
2.6576
2.5393
2.5277
2.6137
2.5528
2.5894
2.7160
2.7615
2.7156
2.8697
2.8199
2.8157
2.8036
2.7958
2.7548
2.7455
2.6322
2.6783
2.6172
2.5233
2.5745
2.6376
2.5556
2.5318
2.5262
2.5527
2.6141
2.5985
2.5944
2.7165
2.5245
2.4528
2.3967
2.4010
2.3063
2.2713
2.2094
2.2380
2.2415
2.1994
2.1467
2.1491
2.0531
1.9738
1.8881
1.8526
1.7804
1.7673
1.7578
1.7942
1.8039
1.8177
1.7718
1.7194
1.6367
1.5615
1.4964
1.4380
1.3856
1.3470
1.3036
1.2624
1.2251
1.1961
1.1715
1.1792
1.1973
1.2430
1.2818
1.2970
1.2659
1.2167
1.1520
1.1064
1.0668
1.0389
1.0155
0.9989
0.9727
0.9555
0.9433
0.9327
0.9182
0.9146
0.9142
0.9253
0.9460
0.9766
1.0027
1.0296
1.0263
1.0059
0.9798
0.9645
0.9418
0.9279
0.9168
0.9082
0.9004
0.8966
0.8950
0.8928
0.8927
0.8910
0.8898
0.8916
0.8918
0.8927
0.9003
0.9126
0.9224
0.9348
0.9413
0.9385
0.9302
0.9240
0.9221
0.9200
0.9205
0.9195
0.9182
0.9169
0.9167
0.9146
0.9163
0.9175
0.9169
0.9174
0.9190
0.9178
0.9170
0.9180
0.9200
0.9235
0.9297
0.9365
0.9417
0.9461
0.9475
0.9448
0.9428
0.9446
0.9447
0.9455
0.9469
0.9470
0.9469
0.9487
0.9485
0.9490
0.9515
0.9518
0.9514
0.9538
0.9558
0.9560
0.9571
0.9594
0.9607
0.9604
0.9609
0.9625
0.9658
0.9695
0.9733
0.9770
0.9792
0.9778
0.9740
0.9727
0.9729
0.9725
0.9735
0.9741
0.9734
0.9742
0.9751
0.9743
0.9755
0.9772
0.9761
0.9762
0.9777
0.9772
0.9764
0.9776
0.9791
0.9790
0.9795
0.9809
0.9817
0.9821
0.9828
0.9847
0.9878
0.9905
0.9919
0.9930
0.9925
0.9903
0.9880
0.9879
0.9876
0.9880
0.9879
0.9874
0.9872
0.9877
0.9870
0.9869
0.9879
0.9873
0.9867
0.9876
0.9877
0.9868
0.9868
0.9872
0.9869
0.9865
0.9871
0.9883
0.9892
0.9898
0.9905
0.9908
0.9911
0.9915
0.9934
0.9959
0.9975
0.9987
0.9991
0.9980
0.9961
0.9953
0.9948
0.9945
0.9947
0.9947
0.9945
0.9949
0.9951
0.9947
0.9954
0.9956
0.9953
0.9955
0.9960
0.9956
0.9957
0.9961
0.9964
0.9962
0.9963
0.9966
0.9965
0.9964
0.9965
0.9966
0.9965
0.9964
0.9963
0.9962
0.9962
0.9966
0.9974
0.9977
0.9976
0.9972
0.9964
0.9952
0.9947
0.9943
0.9940
0.9938
0.9933
0.9927
0.9925
0.9922
0.9917
0.9922
0.9928
0.9933
0.9943
0.9953
0.9954
0.9954
0.9957
0.9961
0.9966
0.9974
0.9983
0.9991
0.9997
0.9998
1.0001
1.0003
1.0002
1.0002
1.0005
1.0004
1.0004
1.0007
1.0010
1.0014
1.0018
1.0022
1.0022
1.0022
1.0019
1.0017
1.0015
1.0014
1.0013
1.0014
1.0013
1.0013
1.0014
1.0014
1.0012
1.0010
1.0008
1.0006
1.0005
1.0005
1.0005
1.0007
1.0008
1.0007
1.0007
1.0007
1.0007
1.0006
1.0006
1.0006
1.0004
1.0004
1.0003
1.0004
1.0004
1.0005
1.0006
1.0006
1.0004
1.0004
1.0003
0.9999
0.9997
0.9995
0.9991
0.9988
0.9987
0.9986
0.9987
0.9990
0.9992
0.9993
0.9996
0.9997
0.9999
1.0002
1.0006
1.0007
1.0012
1.0015
1.0018
1.0020
1.0024
1.0026
1.0029
1.0031
1.0034
1.0033
1.0034
1.0036
1.0037
1.0038
1.0041
1.0043
1.0043
1.0045
1.0046
1.0046
1.0046
1.0047
1.0046
1.0047
1.0045
1.0044
1.0044
1.0043
1.0043
1.0043
1.0043
1.0042
1.0042
1.0040
1.0041
1.0041
1.0041
1.0042
1.0044
1.0044
1.0043
1.0044
1.0044
1.0045
1.0046
1.0048
1.0049
1.0052
1.0054
1.0054
1.0054
1.0053
1.0052
1.0052
1.0052
1.0053
1.0054
1.0054
1.0054
1.0054
1.0055
1.0057
1.0058
1.0059
1.0058
1.0058
1.0058
1.0059
1.0059
1.0060
1.0060
1.0061
1.0060
1.0060
1.0060
1.0061
1.0060
1.0061
1.0063
1.0062
1.0062
1.0063
1.0062
1.0061
1.0061
1.0061
1.0060
1.0060
1.0061
1.0062
1.0061
1.0060
1.0060
1.0059
1.0058
1.0058
1.0056
1.0056
1.0056
1.0055
1.0054
1.0054
1.0053
1.0052
1.0053
1.0053
1.0054
1.0055
1.0055
1.0056
1.0057
1.0056
1.0058
1.0059
1.0059
1.0059
1.0060
1.0060
1.0059
1.0060
1.0061
1.0062
1.0062
1.0063
1.0063
1.0064
1.0064
1.0064
1.0064
1.0064
1.0064
1.0063
1.0063
1.0064
1.0064
1.0064
1.0065
1.0066
1.0066
1.0067
1.0067
1.0066
1.0066
1.0066
1.0065
1.0065
1.0065
1.0064
1.0063
1.0063
1.0062
1.0063
1.0063
1.0064
1.0065
1.0065
1.0064
1.0063
1.0063
1.0062
1.0060
1.0060
1.0059
1.0058
1.0056
1.0055
1.0053
1.0051
1.0049
1.0047
1.0045
1.0043
1.0043
1.0043
1.0045
1.0048
1.0049
1.0049
1.0049
1.0048
1.0047
1.0049
1.0050
1.0052
1.0053
1.0054
1.0055
1.0056
1.0057
1.0057
1.0059
1.0059
1.0058
1.0059
1.0059
1.0059
1.0059
1.0059
1.0060
1.0059
1.0060
1.0059
1.0060
1.0060
1.0059
1.0059
1.0059
1.0058
1.0058
1.0058
1.0058
1.0058
1.0058
1.0058
1.0058
1.0057
1.0057
1.0057
1.0056
1.0056
1.0057
1.0057
1.0057
1.0058
1.0058
1.0058
1.0058
1.0057
1.0057
1.0057
1.0056
1.0055
1.0055
1.0055
1.0055
1.0055
1.0055
1.0053
1.0052
1.0050
1.0050
1.0048
1.0049
1.0049
1.0050
1.0050
1.0051
1.0051
1.0051
1.0051
1.0051
1.0052
1.0052
1.0052
1.0052
1.0052
1.0053
1.0053
1.0054
1.0055
1.0056
1.0055
1.0055
1.0055
1.0055
1.0055
1.0054
1.0054
1.0054
1.0054
1.0054
1.0055
1.0055
1.0056
1.0056
1.0057
1.0056
1.0056
1.0055
1.0056
1.0055
1.0055
1.0055
1.0055
1.0055
1.0056
1.0057
1.0057
1.0057
1.0057
1.0056
1.0055
1.0054
1.0054
1.0055
1.0056
1.0056
1.0057
1.0057
1.0056
1.0055
1.0055
1.0054
1.0054
1.0055
1.0056
1.0057
1.0058
1.0058
1.0058
1.0058
1.0057
1.0056
1.0055
1.0054
1.0054
1.0054
1.0053
1.0053
1.0053
1.0052
1.0051
1.0052
1.0052
1.0052
1.0053
1.0054
1.0054
1.0054
1.0054
1.0054
1.0054
1.0054
1.0053
1.0054
1.0054
1.0055
1.0056
1.0057
1.0056
1.0056
1.0056
1.0057
1.0057
1.0058
1.0058
1.0058
1.0057
1.0057
1.0057
1.0056
1.0055
1.0055
1.0055
1.0054
1.0054
1.0054
1.0054
1.0052
1.0051
1.0049
1.0047
1.0044
1.0043
1.0043
1.0045
1.0048
1.0052
1.0053
1.0054
1.0054
1.0054
1.0053
1.0053
1.0053
1.0054
1.0054
1.0054
1.0056
1.0055
1.0056
1.0057
1.0058
1.0058
1.0059
1.0058
1.0059
1.0059
1.0059
1.0059
1.0060
1.0059
1.0059
1.0059
1.0060
1.0060
1.0059
1.0059
1.0060
1.0059
1.0059
1.0060
1.0061
1.0061
1.0062
1.0061
1.0061
1.0061
1.0062
1.0061
1.0061
1.0061
1.0060
1.0060
1.0060
1.0061
1.0062
1.0063
1.0063
1.0064
1.0064
1.0064
1.0064
1.0064
1.0063
1.0064
1.0064
1.0063
1.0063
1.0064
1.0063
1.0064
1.0065
1.0066
1.0066
1.0066
1.0066
1.0066
1.0065
1.0065
1.0065
1.0065
1.0065
1.0066
1.0066
1.0067
1.0067
1.0068
1.0069
1.0069
1.0068
1.0069
1.0068
1.0069
1.0068
1.0069
1.0069
1.0069
1.0068
1.0068
1.0068
1.0067
1.0068
1.0068
1.0069
1.0070
1.0069
1.0069
1.0071
1.0070
1.0070
1.0071
1.0071
1.0071
1.0072
1.0071
1.0071
1.0071
1.0071
1.0070
1.0071
1.0070
1.0070
1.0070
1.0070
1.0070
1.0071
1.0071
1.0071
1.0071
1.0071
1.0072
1.0072
1.0073
1.0073
1.0073
1.0073
1.0073
1.0073
1.0075
1.0075
1.0074
1.0074
1.0074
1.0074
1.0075
1.0075
1.0076
1.0076
1.0076
1.0075
1.0076
1.0076
1.0076
1.0075
1.0076
1.0075
1.0075
1.0075
1.0076
1.0076
1.0076
1.0076
1.0077
1.0077
1.0077
1.0079
1.0078
1.0078
1.0079
1.0079
1.0079
1.0080
1.0080
1.0079
1.0079
1.0078
1.0079
1.0079
1.0080
1.0080
1.0080
1.0081
1.0080
1.0079
1.0079
1.0079
1.0079
1.0079
1.0080
1.0081
1.0083
1.0083
1.0083
1.0083
1.0081
1.0081
1.0080
1.0080
1.0081
1.0081
1.0082
1.0083
1.0083
1.0083
1.0083
1.0082
1.0082
1.0082
1.0082
1.0081
1.0082
1.0082
1.0081
1.0081
1.0081
1.0081
1.0080
1.0080
1.0079
1.0079
1.0078
1.0079
1.0079
1.0080
1.0082
1.0083
1.0083
1.0083
1.0083
1.0082
1.0082
1.0082
1.0082
1.0083
1.0083
1.0084
1.0085
1.0086
1.0086
1.0086
1.0087
1.0086
1.0087
1.0088
1.0088
1.0087
1.0087
1.0086
1.0086
1.0085
1.0085
1.0085
1.0085
1.0087
1.0088
1.0089
1.0091
1.0091
1.0091
1.0091
1.0090
1.0088
1.0086
1.0086
1.0085
1.0086
1.0088
1.0087
1.0088
1.0089
1.0090
1.0091
1.0093
1.0093
1.0093
1.0092
1.0092
1.0091
1.0091
1.0090
1.0090
1.0089
1.0089
1.0089
1.0089
1.0090
1.0090
1.0090
1.0091
1.0092
1.0091
1.0091
1.0091
1.0091
1.0090
1.0091
1.0091
1.0092
1.0092
1.0093
1.0094
1.0094
1.0095
1.0095
1.0094
1.0093
1.0093
1.0092
1.0092
1.0092
1.0092
1.0092
1.0092
1.0093
1.0093
1.0094
1.0094
1.0094
1.0093
1.0094
1.0094
1.0094
1.0095
1.0095
1.0096
1.0095
1.0096
1.0095
1.0094
1.0094
1.0095
1.0095
1.0096
1.0097
1.0097
1.0096
1.0095
1.0096
1.0095
1.0096
1.0096
1.0096
1.0097
1.0097
1.0097
1.0097
1.0097
1.0097
1.0097
1.0097
1.0097
1.0099
1.0099
1.0099
1.0099
1.0099
1.0097
1.0097
1.0097
1.0098
1.0100
1.0100
1.0100
1.0101
1.0101
1.0100
1.0100
1.0100
1.0101
1.0101
1.0101
1.0102
1.0102
1.0103
1.0103
1.0103
1.0104
1.0104
1.0104
1.0105
1.0105
1.0105
1.0104
1.0103
1.0102
1.0102
1.0103
1.0104
1.0104
1.0105
1.0104
1.0104
1.0104
1.0104
1.0105
1.0106
1.0106
1.0105
1.0106
1.0106
1.0106
1.0106
1.0107
1.0107
1.0107
1.0107
1.0107
1.0108
1.0108
1.0108
1.0109
1.0109
1.0109
1.0109
1.0109
1.0109
1.0109
1.0110
1.0110
1.0110
1.0110
1.0110
1.0110
1.0111
1.0112
1.0112
1.0112
1.0112
1.0113
1.0113
1.0112
1.0112
1.0111
1.0111
1.0111
1.0112
1.0112
1.0112
1.0113
1.0113
1.0113
1.0113
1.0114
1.0114
1.0114
1.0115
1.0115
1.0115
1.0115
1.0116
1.0116
1.0117
1.0117
1.0117
1.0117
1.0117
1.0118
1.0118
1.0118
1.0119
1.0118
1.0118
1.0118
1.0118
1.0118
1.0118
1.0119
1.0119
1.0119
1.0119
1.0119
1.0119
1.0119
1.0120
1.0121
1.0121
1.0121
1.0121
1.0121
1.0121
1.0122
1.0122
1.0122
1.0122
1.0122
1.0121
1.0122
1.0122
1.0122
1.0123
1.0123
1.0123
1.0124
1.0123
1.0124
1.0125
1.0125
1.0125
1.0127
1.0127
1.0126
1.0126
1.0125
1.0124
1.0124
1.0125
1.0126
1.0127
1.0127
1.0127
1.0127
1.0126
1.0125
1.0126
1.0126
1.0125
1.0126
1.0127
1.0127
1.0128
1.0129
1.0129
1.0130
1.0130
1.0130
1.0129
1.0130
1.0130
1.0131
1.0131
1.0131
1.0131
1.0131
1.0131
1.0132
1.0131
1.0132
1.0132
1.0133
1.0133
1.0134
1.0134
1.0134
1.0134
1.0135
1.0135
1.0135
1.0134
1.0133
1.0133
1.0133
1.0133
1.0133
1.0134
1.0135
1.0135
1.0136
1.0136
1.0137
1.0136
1.0137
1.0137
1.0137
1.0136
1.0136
1.0137
1.0137
1.0137
1.0137
1.0137
1.0137
1.0137
1.0137
1.0138
1.0138
1.0138
1.0138
1.0138
1.0139
1.0138
1.0138
1.0138
1.0138
1.0139
1.0139
1.0141
1.0141
1.0142
1.0143
1.0143
1.0143
1.0143
1.0142
1.0143
1.0143
1.0143
1.0143
1.0142
1.0142
1.0143
1.0144
1.0145
1.0145
1.0145
1.0144
1.0143
1.0143
1.0143
1.0144
1.0144
1.0145
1.0144
1.0144
1.0143
1.0143
1.0143
1.0144
1.0144
1.0144
1.0143
1.0144
1.0144
1.0145
1.0146
1.0147
1.0147
1.0147
1.0146
1.0146
1.0147
1.0146
1.0146
1.0146
1.0148
1.0146
1.0146
1.0147
1.0147
1.0149
1.0149
1.0150
1.0150
1.0150
1.0149
1.0149
1.0150
1.0150
1.0149
1.0150
1.0151
1.0151
1.0150
1.0151
1.0151
1.0151
1.0151
1.0150
1.0151
1.0151
1.0151
1.0153
1.0154
1.0153
1.0153
1.0153
1.0152
1.0151
1.0153
1.0153
1.0154
1.0153
1.0153
1.0152
1.0152
1.0152
1.0153
1.0154
1.0154
1.0155
1.0155
1.0154
1.0154
1.0155
1.0154
1.0155
1.0155
1.0154
1.0155
1.0157
1.0156
1.0156
1.0156
1.0156
1.0154
1.0154
1.0155
1.0155
1.0155
1.0154
1.0156
1.0157
1.0158
1.0159
1.0160
1.0159
1.0158
1.0159
1.0159
1.0158
1.0158
1.0158
1.0157
1.0158
1.0159
1.0159
1.0159
1.0159
1.0159
1.0159
1.0159
1.0160
1.0160
1.0160
1.0161
1.0161
1.0161
1.0161
1.0161
1.0160
1.0160
1.0159
1.0159
1.0162
1.0162
1.0163
1.0163
1.0162
1.0160
1.0159
1.0159
1.0159
1.0160
1.0160
1.0163
1.0163
1.0163
1.0163
1.0164
1.0164
1.0162
1.0163
1.0164
1.0163
1.0161
1.0163
1.0164
1.0164
1.0165
1.0167
1.0166
1.0166
1.0167
1.0167
1.0166
1.0165
1.0165
1.0164
1.0164
1.0164
1.0165
1.0166
1.0166
1.0166
1.0165
1.0165
1.0164
1.0167
1.0168
1.0169
1.0169
1.0170
1.0167
1.0165
1.0165
1.0166
1.0167
1.0168
1.0170
1.0172
1.0171
1.0169
1.0168
1.0169
1.0168
1.0169
1.0171
1.0171
1.0170
1.0171
1.0170
1.0169
1.0169
1.0171
1.0171
1.0174
1.0175
1.0175
1.0175
1.0173
1.0172
1.0171
1.0171
1.0171
1.0171
1.0172
1.0172
1.0173
1.0173
1.0174
1.0177
1.0178
1.0178
1.0178
1.0177
1.0174
1.0174
1.0174
1.0175
1.0176
1.0176
1.0177
1.0178
1.0177
1.0177
1.0176
1.0175
1.0175
1.0175
1.0176
1.0177
1.0178
1.0177
1.0177
1.0177
1.0178
1.0177
1.0178
1.0177
1.0176
1.0177
1.0176
1.0176
1.0177
1.0178
1.0180
1.0182
1.0181
1.0181
1.0180
1.0180
1.0178
1.0179
1.0179
1.0180
1.0179
1.0180
1.0180
1.0180
1.0180
1.0181
1.0181
1.0181
1.0179
1.0180
1.0178
1.0180
1.0182
1.0184
1.0183
1.0184
1.0184
1.0182
1.0182
1.0184
1.0185
1.0185
1.0184
1.0184
1.0183
1.0182
1.0185
1.0187
1.0188
1.0188
1.0187
1.0185
1.0184
1.0184
1.0185
1.0185
1.0186
1.0187
1.0185
1.0184
1.0185
1.0185
1.0184
1.0186
1.0187
1.0188
1.0187
1.0187
1.0186
1.0185
1.0184
1.0184
1.0185
1.0188
1.0190
1.0191
1.0192
1.0193
1.0191
1.0190
1.0191
1.0191
1.0190
1.0190
1.0189
1.0189
1.0190
1.0192
1.0192
1.0194
1.0195
1.0195
1.0193
1.0194
1.0193
1.0193
1.0192
1.0193
1.0194
1.0193
1.0193
1.0193
1.0193
1.0193
1.0195
1.0195
1.0195
1.0195
1.0194
1.0193
1.0194
1.0194
1.0195
1.0195
1.0194
1.0194
1.0195
1.0195
1.0194
1.0197
1.0198
1.0198
1.0199
1.0200
1.0198
1.0198
1.0200
1.0199
1.0198
1.0200
1.0198
1.0197
1.0199
1.0199
1.0199
1.0200
1.0200
1.0199
1.0201
1.0203
1.0203
1.0205
1.0205
1.0204
1.0202
1.0202
1.0201
1.0202
1.0201
1.0201
1.0202
1.0201
1.0200
1.0201
1.0203
1.0206
1.0209
1.0210
1.0212
1.0210
1.0206
1.0204
1.0203
1.0202
1.0205
1.0206
1.0205
1.0206
1.0207
1.0204
1.0202
1.0200
1.0196
1.0194
1.0196
1.0199
1.0201
1.0205
1.0208
1.0208
1.0207
1.0208
1.0210
1.0209
1.0211
1.0211
1.0210
1.0210
1.0210
1.0211
1.0211
1.0211
1.0209
1.0210
1.0209
1.0208
1.0209
1.0209
1.0208
1.0208
1.0209
1.0208
1.0207
1.0206
1.0208
1.0211
1.0211
1.0213
1.0214
1.0211
1.0209
1.0210
1.0218
1.0220
1.0221
1.0221
1.0221
1.0212
1.0213
1.0214
1.0215
1.0217
1.0217
1.0217
1.0217
1.0217
1.0216
1.0219
1.0218
1.0218
1.0218
1.0215
1.0213
1.0212
1.0213
1.0213
1.0218
1.0218
1.0219
1.0217
1.0217
1.0216
1.0215
1.0215
1.0217
1.0217
1.0218
1.0221
1.0220
1.0218
1.0217
1.0217
1.0216
1.0217
1.0219
1.0219
1.0219
1.0219
1.0219
1.0218
1.0220
1.0219
1.0219
1.0220
1.0222
1.0222
1.0224
1.0222
1.0220
1.0217
1.0215
1.0214
1.0217
1.0218
1.0218
1.0217
1.0216
1.0213
1.0214
1.0215
1.0217
1.0215
1.0216
1.0216
1.0216
1.0217
1.0219
1.0220
1.0223
1.0221
1.0223
1.0221
1.0219
1.0217
1.0217
1.0215
1.0217
1.0219
1.0217
1.0216
1.0213
1.0209
1.0206
1.0205
1.0205
1.0209
1.0210
1.0213
1.0214
1.0219
1.0219
1.0218
1.0227
1.0252
1.0255
1.0284
1.0418
1.1129
1.0380
1.0475
