1.0217
1.0649
1.0349
0.7694
-0.4672
-9.5451
4.1675
3.8087
3.8162
4.1301
4.5294
4.8723
5.1699
4.7754
4.3838
4.8314
4.5339
4.6631
5.4837
5.7627
4.1847
3.7983
3.7066
3.6201
3.3940
3.9478
3.9264
3.7048
3.6659
4.3860
4.0416
5.0967
5.3460
5.9621
3.6386
3.6206
3.2204
3.1179
2.8609
3.1246
3.1365
3.3804
3.3814
3.4609
3.8473
3.9491
3.2909
3.3738
3.2405
2.8665
2.8882
2.9782
2.8169
2.7505
3.0177
2.8032
2.8355
2.8821
2.8674
2.8139
2.9439
2.9668
3.1956
3.2815
3.2223
3.2287
3.2185
3.2124
3.3291
3.3350
3.1181
2.9343
2.8467
2.7129
2.6566
2.7767
2.9137
2.7342
2.8370
2.6644
2.6341
2.5428
2.6502
2.6597
2.6821
2.6569
2.6659
2.6224
2.5404
2.7516
2.7037
2.6673
2.6200
2.6861
2.5970
2.6304
2.7019
2.6623
2.6706
2.6523
2.5896
2.5384
2.6416
2.4904
2.4752
2.5360
2.5941
2.5080
2.6253
2.5280
2.4670
2.4384
2.4044
2.3919
2.4186
2.3334
2.3449
2.3645
2.3100
2.3229
2.3059
2.2134
2.2025
2.1975
2.2134
2.2432
2.2770
2.2217
2.2238
2.1521
2.1570
2.1516
2.1946
2.2524
2.3334
2.3457
2.3423
2.3658
2.2843
2.2716
2.2684
2.2654
2.2423
2.2964
2.2866
2.2615
2.2588
2.3299
2.2604
2.2718
2.2402
2.2679
2.2332
2.2675
2.2985
2.4302
2.4471
2.4110
2.5305
2.5301
2.4243
2.4766
2.6065
2.5843
2.5911
2.7248
2.7696
2.7121
2.4496
2.5011
2.4733
2.4646
2.5010
2.8388
2.6305
2.7488
2.7299
2.6136
2.5779
2.6564
2.5383
2.5271
2.6127
2.5520
2.5890
2.7153
2.7607
2.7144
2.8684
2.8187
2.8149
2.8027
2.7955
2.7550
2.7456
2.6321
2.6780
2.6168
2.5226
2.5730
2.6362
2.5544
2.5303
2.5248
2.5524
2.6138
2.5980
2.5943
2.7166
2.5240
2.4526
2.3966
2.4010
2.3064
2.2713
2.2089
2.2372
2.2407
2.1986
2.1465
2.1493
2.0535
1.9740
1.8882
1.8519
1.7794
1.7661
1.7568
1.7929
1.8028
1.8165
1.7709
1.7186
1.6361
1.5611
1.4961
1.4380
1.3855
1.3468
1.3035
1.2623
1.2246
1.1956
1.1712
1.1790
1.1972
1.2432
1.2819
1.2971
1.2659
1.2167
1.1519
1.1064
1.0668
1.0389
1.0156
0.9990
0.9728
0.9557
0.9434
0.9328
0.9183
0.9147
0.9143
0.9254
0.9461
0.9767
1.0028
1.0296
1.0263
1.0059
0.9799
0.9646
0.9419
0.9282
0.9170
0.9083
0.9004
0.8967
0.8950
0.8929
0.8928
0.8911
0.8898
0.8916
0.8918
0.8927
0.9002
0.9126
0.9224
0.9348
0.9413
0.9385
0.9301
0.9240
0.9220
0.9201
0.9206
0.9195
0.9183
0.9169
0.9167
0.9145
0.9163
0.9175
0.9170
0.9174
0.9190
0.9179
0.9170
0.9180
0.9200
0.9235
0.9297
0.9365
0.9417
0.9461
0.9474
0.9448
0.9427
0.9445
0.9447
0.9455
0.9469
0.9470
0.9469
0.9487
0.9485
0.9490
0.9515
0.9518
0.9514
0.9538
0.9558
0.9560
0.9571
0.9593
0.9606
0.9604
0.9609
0.9625
0.9658
0.9695
0.9733
0.9770
0.9792
0.9778
0.9740
0.9727
0.9729
0.9726
0.9735
0.9741
0.9735
0.9743
0.9751
0.9743
0.9755
0.9772
0.9761
0.9762
0.9776
0.9772
0.9764
0.9776
0.9790
0.9790
0.9795
0.9809
0.9818
0.9822
0.9829
0.9847
0.9879
0.9905
0.9919
0.9930
0.9925
0.9903
0.9880
0.9880
0.9877
0.9880
0.9879
0.9875
0.9872
0.9877
0.9870
0.9869
0.9878
0.9873
0.9867
0.9876
0.9877
0.9868
0.9868
0.9872
0.9869
0.9865
0.9871
0.9883
0.9892
0.9898
0.9905
0.9908
0.9911
0.9915
0.9934
0.9959
0.9975
0.9986
0.9990
0.9980
0.9960
0.9953
0.9948
0.9945
0.9946
0.9946
0.9945
0.9949
0.9951
0.9947
0.9954
0.9956
0.9953
0.9955
0.9960
0.9956
0.9957
0.9961
0.9964
0.9962
0.9963
0.9967
0.9965
0.9964
0.9965
0.9966
0.9965
0.9964
0.9963
0.9962
0.9961
0.9966
0.9974
0.9976
0.9976
0.9972
0.9964
0.9952
0.9947
0.9943
0.9940
0.9938
0.9933
0.9927
0.9925
0.9922
0.9917
0.9922
0.9928
0.9933
0.9943
0.9953
0.9954
0.9954
0.9957
0.9961
0.9966
0.9974
0.9983
0.9992
0.9997
0.9998
1.0001
1.0003
1.0002
1.0002
1.0005
1.0004
1.0004
1.0007
1.0010
1.0014
1.0018
1.0022
1.0021
1.0022
1.0019
1.0016
1.0014
1.0014
1.0013
1.0013
1.0013
1.0013
1.0014
1.0014
1.0012
1.0011
1.0008
1.0006
1.0005
1.0005
1.0005
1.0007
1.0008
1.0008
1.0007
1.0007
1.0007
1.0006
1.0006
1.0005
1.0004
1.0004
1.0003
1.0004
1.0004
1.0005
1.0006
1.0006
1.0004
1.0004
1.0002
0.9999
0.9997
0.9995
0.9991
0.9988
0.9986
0.9986
0.9987
0.9990
0.9992
0.9994
0.9997
0.9997
1.0000
1.0003
1.0007
1.0007
1.0012
1.0015
1.0018
1.0020
1.0024
1.0026
1.0029
1.0031
1.0034
1.0033
1.0034
1.0036
1.0037
1.0038
1.0041
1.0043
1.0043
1.0045
1.0046
1.0046
1.0046
1.0047
1.0046
1.0047
1.0045
1.0045
1.0044
1.0043
1.0043
1.0043
1.0043
1.0042
1.0042
1.0040
1.0041
1.0041
1.0041
1.0042
1.0043
1.0043
1.0043
1.0044
1.0044
1.0045
1.0046
1.0048
1.0050
1.0052
1.0054
1.0054
1.0054
1.0053
1.0052
1.0052
1.0052
1.0053
1.0053
1.0054
1.0054
1.0055
1.0055
1.0057
1.0058
1.0059
1.0058
1.0058
1.0058
1.0059
1.0060
1.0060
1.0060
1.0061
1.0060
1.0060
1.0061
1.0061
1.0060
1.0061
1.0063
1.0062
1.0062
1.0063
1.0062
1.0061
1.0061
1.0061
1.0060
1.0060
1.0061
1.0062
1.0061
1.0060
1.0060
1.0059
1.0058
1.0058
1.0056
1.0056
1.0056
1.0055
1.0054
1.0054
1.0053
1.0052
1.0053
1.0053
1.0054
1.0055
1.0055
1.0056
1.0057
1.0056
1.0058
1.0059
1.0059
1.0059
1.0060
1.0060
1.0059
1.0060
1.0061
1.0062
1.0061
1.0063
1.0063
1.0064
1.0064
1.0064
1.0064
1.0064
1.0064
1.0063
1.0063
1.0064
1.0064
1.0064
1.0065
1.0066
1.0066
1.0067
1.0067
1.0066
1.0066
1.0066
1.0065
1.0064
1.0065
1.0064
1.0063
1.0063
1.0062
1.0062
1.0063
1.0064
1.0065
1.0065
1.0064
1.0063
1.0063
1.0062
1.0060
1.0060
1.0059
1.0058
1.0056
1.0055
1.0053
1.0051
1.0049
1.0047
1.0045
1.0043
1.0043
1.0043
1.0045
1.0048
1.0049
1.0049
1.0049
1.0048
1.0047
1.0049
1.0050
1.0052
1.0053
1.0054
1.0055
1.0056
1.0057
1.0057
1.0059
1.0059
1.0058
1.0059
1.0059
1.0059
1.0059
1.0059
1.0060
1.0059
1.0060
1.0059
1.0060
1.0060
1.0059
1.0059
1.0059
1.0058
1.0058
1.0058
1.0058
1.0058
1.0057
1.0058
1.0058
1.0057
1.0057
1.0057
1.0056
1.0056
1.0057
1.0057
1.0057
1.0057
1.0058
1.0057
1.0058
1.0057
1.0057
1.0056
1.0056
1.0055
1.0055
1.0055
1.0055
1.0055
1.0055
1.0053
1.0052
1.0050
1.0050
1.0048
1.0049
1.0050
1.0050
1.0050
1.0051
1.0051
1.0051
1.0051
1.0052
1.0052
1.0053
1.0053
1.0052
1.0052
1.0053
1.0053
1.0054
1.0055
1.0055
1.0055
1.0055
1.0055
1.0055
1.0054
1.0054
1.0054
1.0054
1.0054
1.0054
1.0055
1.0055
1.0056
1.0056
1.0057
1.0056
1.0056
1.0055
1.0055
1.0055
1.0055
1.0055
1.0055
1.0055
1.0056
1.0057
1.0057
1.0057
1.0057
1.0056
1.0055
1.0054
1.0054
1.0055
1.0056
1.0056
1.0058
1.0057
1.0056
1.0055
1.0055
1.0054
1.0054
1.0055
1.0056
1.0057
1.0058
1.0059
1.0058
1.0058
1.0057
1.0056
1.0055
1.0054
1.0054
1.0054
1.0053
1.0053
1.0053
1.0052
1.0051
1.0052
1.0052
1.0052
1.0053
1.0054
1.0054
1.0054
1.0054
1.0054
1.0054
1.0054
1.0053
1.0053
1.0054
1.0055
1.0056
1.0057
1.0056
1.0056
1.0056
1.0057
1.0057
1.0058
1.0058
1.0058
1.0057
1.0057
1.0057
1.0056
1.0055
1.0055
1.0055
1.0054
1.0054
1.0054
1.0054
1.0052
1.0051
1.0049
1.0047
1.0044
1.0043
1.0043
1.0045
1.0048
1.0052
1.0053
1.0054
1.0054
1.0054
1.0053
1.0053
1.0053
1.0054
1.0054
1.0054
1.0056
1.0056
1.0056
1.0057
1.0058
1.0058
1.0059
1.0058
1.0059
1.0059
1.0059
1.0059
1.0060
1.0059
1.0059
1.0059
1.0060
1.0060
1.0059
1.0059
1.0060
1.0059
1.0059
1.0060
1.0061
1.0061
1.0062
1.0061
1.0061
1.0061
1.0062
1.0061
1.0061
1.0060
1.0060
1.0060
1.0060
1.0061
1.0062
1.0062
1.0063
1.0063
1.0064
1.0064
1.0064
1.0064
1.0064
1.0064
1.0064
1.0064
1.0063
1.0064
1.0063
1.0064
1.0065
1.0065
1.0066
1.0066
1.0066
1.0066
1.0065
1.0065
1.0065
1.0066
1.0065
1.0066
1.0066
1.0067
1.0067
1.0068
1.0069
1.0069
1.0068
1.0068
1.0068
1.0069
1.0068
1.0069
1.0069
1.0069
1.0068
1.0068
1.0068
1.0067
1.0068
1.0068
1.0069
1.0070
1.0069
1.0069
1.0071
1.0070
1.0070
1.0071
1.0071
1.0071
1.0072
1.0071
1.0071
1.0071
1.0071
1.0070
1.0070
1.0070
1.0070
1.0070
1.0070
1.0070
1.0071
1.0071
1.0071
1.0071
1.0071
1.0072
1.0072
1.0073
1.0072
1.0073
1.0073
1.0073
1.0073
1.0075
1.0075
1.0074
1.0074
1.0074
1.0074
1.0075
1.0075
1.0075
1.0076
1.0076
1.0075
1.0075
1.0076
1.0076
1.0075
1.0076
1.0075
1.0075
1.0075
1.0076
1.0076
1.0076
1.0076
1.0077
1.0077
1.0077
1.0078
1.0078
1.0078
1.0079
1.0079
1.0079
1.0079
1.0080
1.0079
1.0079
1.0078
1.0079
1.0079
1.0080
1.0080
1.0080
1.0081
1.0080
1.0079
1.0079
1.0079
1.0079
1.0079
1.0080
1.0082
1.0083
1.0083
1.0083
1.0083
1.0081
1.0080
1.0080
1.0080
1.0081
1.0081
1.0081
1.0083
1.0083
1.0083
1.0083
1.0082
1.0082
1.0082
1.0082
1.0081
1.0082
1.0082
1.0081
1.0081
1.0081
1.0081
1.0080
1.0080
1.0079
1.0079
1.0078
1.0079
1.0079
1.0080
1.0081
1.0083
1.0083
1.0083
1.0083
1.0082
1.0082
1.0082
1.0082
1.0083
1.0083
1.0084
1.0085
1.0086
1.0086
1.0086
1.0086
1.0086
1.0087
1.0088
1.0088
1.0087
1.0087
1.0086
1.0086
1.0085
1.0085
1.0085
1.0085
1.0086
1.0088
1.0089
1.0091
1.0091
1.0091
1.0091
1.0090
1.0088
1.0086
1.0086
1.0085
1.0086
1.0087
1.0087
1.0088
1.0089
1.0090
1.0091
1.0093
1.0093
1.0093
1.0092
1.0092
1.0091
1.0091
1.0090
1.0090
1.0089
1.0089
1.0089
1.0089
1.0089
1.0090
1.0090
1.0091
1.0092
1.0091
1.0091
1.0091
1.0090
1.0090
1.0091
1.0091
1.0092
1.0092
1.0093
1.0094
1.0094
1.0095
1.0094
1.0094
1.0093
1.0093
1.0092
1.0092
1.0091
1.0092
1.0092
1.0092
1.0093
1.0093
1.0094
1.0094
1.0094
1.0094
1.0094
1.0094
1.0095
1.0095
1.0095
1.0096
1.0095
1.0096
1.0095
1.0094
1.0094
1.0095
1.0095
1.0096
1.0097
1.0097
1.0096
1.0095
1.0096
1.0095
1.0096
1.0096
1.0096
1.0097
1.0097
1.0096
1.0097
1.0097
1.0097
1.0097
1.0097
1.0097
1.0099
1.0099
1.0099
1.0099
1.0099
1.0097
1.0097
1.0097
1.0098
1.0100
1.0100
1.0100
1.0101
1.0101
1.0100
1.0100
1.0100
1.0100
1.0101
1.0101
1.0102
1.0102
1.0103
1.0103
1.0103
1.0104
1.0104
1.0104
1.0105
1.0105
1.0104
1.0104
1.0103
1.0102
1.0102
1.0103
1.0104
1.0104
1.0104
1.0104
1.0104
1.0104
1.0104
1.0105
1.0106
1.0106
1.0105
1.0106
1.0106
1.0106
1.0106
1.0107
1.0107
1.0107
1.0106
1.0107
1.0108
1.0108
1.0108
1.0109
1.0109
1.0109
1.0109
1.0109
1.0109
1.0109
1.0110
1.0110
1.0110
1.0110
1.0110
1.0110
1.0111
1.0112
1.0112
1.0112
1.0112
1.0112
1.0113
1.0112
1.0112
1.0111
1.0111
1.0111
1.0112
1.0112
1.0112
1.0112
1.0113
1.0113
1.0113
1.0114
1.0114
1.0114
1.0115
1.0114
1.0115
1.0115
1.0116
1.0116
1.0117
1.0117
1.0117
1.0117
1.0117
1.0118
1.0118
1.0118
1.0119
1.0118
1.0118
1.0118
1.0118
1.0118
1.0118
1.0119
1.0119
1.0119
1.0119
1.0119
1.0119
1.0119
1.0120
1.0121
1.0121
1.0121
1.0121
1.0121
1.0121
1.0122
1.0122
1.0122
1.0122
1.0122
1.0121
1.0122
1.0122
1.0122
1.0122
1.0123
1.0122
1.0123
1.0123
1.0124
1.0125
1.0125
1.0125
1.0127
1.0127
1.0126
1.0126
1.0125
1.0124
1.0124
1.0125
1.0126
1.0127
1.0127
1.0127
1.0127
1.0126
1.0126
1.0126
1.0126
1.0125
1.0126
1.0127
1.0126
1.0128
1.0129
1.0129
1.0129
1.0130
1.0129
1.0129
1.0130
1.0130
1.0131
1.0131
1.0131
1.0131
1.0132
1.0131
1.0131
1.0131
1.0131
1.0132
1.0133
1.0133
1.0133
1.0134
1.0134
1.0134
1.0135
1.0135
1.0134
1.0134
1.0133
1.0133
1.0133
1.0133
1.0133
1.0134
1.0135
1.0135
1.0136
1.0136
1.0136
1.0136
1.0137
1.0137
1.0137
1.0136
1.0136
1.0137
1.0137
1.0137
1.0137
1.0137
1.0137
1.0137
1.0137
1.0137
1.0138
1.0138
1.0138
1.0138
1.0139
1.0138
1.0138
1.0138
1.0138
1.0139
1.0140
1.0141
1.0141
1.0142
1.0143
1.0143
1.0142
1.0142
1.0142
1.0143
1.0143
1.0143
1.0143
1.0142
1.0142
1.0144
1.0144
1.0145
1.0145
1.0145
1.0144
1.0143
1.0143
1.0143
1.0144
1.0144
1.0145
1.0144
1.0144
1.0143
1.0143
1.0143
1.0144
1.0144
1.0144
1.0143
1.0144
1.0143
1.0144
1.0145
1.0146
1.0147
1.0147
1.0146
1.0146
1.0147
1.0146
1.0146
1.0147
1.0147
1.0146
1.0146
1.0147
1.0147
1.0148
1.0149
1.0150
1.0150
1.0150
1.0149
1.0149
1.0149
1.0150
1.0149
1.0150
1.0150
1.0151
1.0150
1.0151
1.0152
1.0151
1.0151
1.0151
1.0150
1.0151
1.0151
1.0152
1.0154
1.0153
1.0153
1.0152
1.0151
1.0151
1.0152
1.0152
1.0154
1.0153
1.0152
1.0152
1.0152
1.0152
1.0153
1.0154
1.0154
1.0155
1.0154
1.0154
1.0154
1.0155
1.0154
1.0155
1.0155
1.0154
1.0155
1.0157
1.0156
1.0156
1.0156
1.0155
1.0154
1.0154
1.0155
1.0155
1.0155
1.0154
1.0156
1.0157
1.0158
1.0159
1.0160
1.0159
1.0158
1.0159
1.0158
1.0158
1.0158
1.0158
1.0157
1.0158
1.0158
1.0159
1.0159
1.0159
1.0159
1.0159
1.0159
1.0160
1.0160
1.0160
1.0161
1.0161
1.0161
1.0161
1.0161
1.0160
1.0160
1.0159
1.0159
1.0162
1.0162
1.0163
1.0163
1.0162
1.0160
1.0159
1.0159
1.0159
1.0160
1.0160
1.0163
1.0163
1.0163
1.0163
1.0164
1.0163
1.0162
1.0162
1.0163
1.0163
1.0161
1.0163
1.0164
1.0163
1.0164
1.0167
1.0166
1.0166
1.0167
1.0167
1.0166
1.0165
1.0165
1.0164
1.0164
1.0164
1.0165
1.0166
1.0166
1.0166
1.0165
1.0165
1.0164
1.0167
1.0168
1.0169
1.0169
1.0170
1.0167
1.0165
1.0165
1.0166
1.0167
1.0169
1.0170
1.0172
1.0171
1.0169
1.0168
1.0169
1.0168
1.0169
1.0171
1.0171
1.0169
1.0171
1.0170
1.0168
1.0169
1.0171
1.0171
1.0174
1.0175
1.0175
1.0175
1.0173
1.0171
1.0170
1.0171
1.0171
1.0171
1.0171
1.0172
1.0173
1.0173
1.0174
1.0177
1.0178
1.0178
1.0178
1.0177
1.0174
1.0174
1.0174
1.0175
1.0176
1.0175
1.0177
1.0177
1.0177
1.0177
1.0176
1.0175
1.0175
1.0175
1.0176
1.0177
1.0178
1.0177
1.0178
1.0177
1.0178
1.0177
1.0178
1.0177
1.0176
1.0177
1.0176
1.0176
1.0177
1.0179
1.0180
1.0182
1.0181
1.0180
1.0180
1.0180
1.0178
1.0179
1.0179
1.0180
1.0179
1.0180
1.0180
1.0180
1.0180
1.0181
1.0181
1.0181
1.0179
1.0180
1.0178
1.0180
1.0182
1.0184
1.0183
1.0184
1.0184
1.0182
1.0182
1.0184
1.0185
1.0185
1.0184
1.0184
1.0182
1.0182
1.0185
1.0187
1.0188
1.0188
1.0187
1.0185
1.0183
1.0184
1.0185
1.0185
1.0186
1.0187
1.0185
1.0184
1.0185
1.0185
1.0184
1.0186
1.0187
1.0187
1.0187
1.0187
1.0186
1.0185
1.0184
1.0184
1.0185
1.0188
1.0190
1.0191
1.0192
1.0193
1.0191
1.0190
1.0191
1.0191
1.0190
1.0190
1.0189
1.0189
1.0190
1.0192
1.0192
1.0194
1.0195
1.0196
1.0193
1.0193
1.0193
1.0192
1.0192
1.0193
1.0193
1.0193
1.0192
1.0192
1.0193
1.0192
1.0194
1.0194
1.0194
1.0194
1.0194
1.0193
1.0194
1.0194
1.0195
1.0195
1.0194
1.0194
1.0195
1.0195
1.0194
1.0197
1.0198
1.0198
1.0199
1.0200
1.0198
1.0198
1.0200
1.0199
1.0199
1.0200
1.0199
1.0197
1.0198
1.0199
1.0199
1.0200
1.0200
1.0199
1.0201
1.0203
1.0203
1.0205
1.0205
1.0204
1.0201
1.0201
1.0201
1.0202
1.0201
1.0201
1.0202
1.0200
1.0200
1.0201
1.0203
1.0206
1.0209
1.0210
1.0212
1.0210
1.0205
1.0204
1.0203
1.0202
1.0204
1.0206
1.0205
1.0206
1.0207
1.0204
1.0202
1.0200
1.0196
1.0194
1.0195
1.0199
1.0201
1.0205
1.0207
1.0208
1.0207
1.0208
1.0210
1.0209
1.0211
1.0211
1.0210
1.0210
1.0210
1.0211
1.0211
1.0211
1.0209
1.0210
1.0209
1.0208
1.0209
1.0209
1.0208
1.0208
1.0209
1.0208
1.0207
1.0206
1.0208
1.0210
1.0211
1.0212
1.0213
1.0211
1.0209
1.0210
1.0218
1.0220
1.0221
1.0221
1.0221
1.0212
1.0213
1.0214
1.0215
1.0216
1.0217
1.0216
1.0217
1.0217
1.0216
1.0219
1.0218
1.0218
1.0218
1.0215
1.0213
1.0211
1.0213
1.0213
1.0218
1.0218
1.0218
1.0217
1.0217
1.0216
1.0215
1.0215
1.0217
1.0217
1.0218
1.0221
1.0220
1.0218
1.0217
1.0217
1.0216
1.0217
1.0219
1.0219
1.0219
1.0219
1.0219
1.0218
1.0221
1.0219
1.0219
1.0220
1.0222
1.0222
1.0224
1.0222
1.0220
1.0217
1.0215
1.0214
1.0216
1.0217
1.0218
1.0217
1.0216
1.0213
1.0214
1.0215
1.0217
1.0215
1.0216
1.0216
1.0216
1.0217
1.0219
1.0220
1.0223
1.0221
1.0223
1.0221
1.0219
1.0216
1.0217
1.0215
1.0216
1.0219
1.0217
1.0216
1.0213
1.0209
1.0206
1.0205
1.0205
1.0208
1.0210
1.0213
1.0214
1.0219
1.0219
1.0218
1.0227
1.0252
1.0255
1.0283
1.0418
1.1126
1.0385
1.0474
