1.0217
1.0650
1.0349
0.7696
-0.4664
-9.5512
4.1678
3.8085
3.8156
4.1300
4.5290
4.8723
5.1698
4.7757
4.3838
4.8301
4.5331
4.6630
5.4838
5.7633
4.1875
3.8013
3.7098
3.6235
3.3964
3.9490
3.9275
3.7052
3.6665
4.3864
4.0437
5.0992
5.3505
5.9670
3.6413
3.6218
3.2214
3.1191
2.8614
3.1255
3.1377
3.3820
3.3820
3.4620
3.8484
3.9502
3.2914
3.3745
3.2411
2.8669
2.8887
2.9788
2.8173
2.7509
3.0185
2.8037
2.8361
2.8828
2.8677
2.8144
2.9442
2.9667
3.1954
3.2820
3.2233
3.2304
3.2202
3.2143
3.3310
3.3366
3.1192
2.9354
2.8474
2.7136
2.6574
2.7778
2.9147
2.7357
2.8378
2.6645
2.6345
2.5433
2.6510
2.6610
2.6828
2.6573
2.6664
2.6227
2.5411
2.7529
2.7049
2.6684
2.6206
2.6865
2.5977
2.6307
2.7024
2.6629
2.6712
2.6526
2.5904
2.5388
2.6421
2.4908
2.4757
2.5365
2.5947
2.5086
2.6260
2.5289
2.4675
2.4393
2.4057
2.3934
2.4202
2.3352
2.3467
2.3660
2.3110
2.3238
2.3066
2.2133
2.2022
2.1974
2.2132
2.2430
2.2772
2.2222
2.2240
2.1523
2.1577
2.1524
2.1952
2.2534
2.3341
2.3461
2.3420
2.3657
2.2845
2.2719
2.2685
2.2660
2.2430
2.2965
2.2872
2.2624
2.2599
2.3309
2.2619
2.2732
2.2411
2.2689
2.2341
2.2683
2.2992
2.4309
2.4475
2.4111
2.5299
2.5296
2.4245
2.4767
2.6068
2.5849
2.5915
2.7247
2.7697
2.7123
2.4499
2.5017
2.4743
2.4660
2.5024
2.8404
2.6317
2.7496
2.7305
2.6146
2.5790
2.6575
2.5395
2.5281
2.6134
2.5528
2.5896
2.7162
2.7615
2.7153
2.8693
2.8202
2.8157
2.8040
2.7969
2.7566
2.7469
2.6331
2.6790
2.6177
2.5240
2.5747
2.6385
2.5566
2.5333
2.5270
2.5544
2.6156
2.5997
2.5949
2.7169
2.5247
2.4531
2.3970
2.4018
2.3068
2.2715
2.2088
2.2372
2.2409
2.1993
2.1468
2.1501
2.0540
1.9741
1.8883
1.8528
1.7801
1.7671
1.7575
1.7938
1.8034
1.8170
1.7712
1.7194
1.6366
1.5615
1.4967
1.4384
1.3858
1.3474
1.3039
1.2626
1.2251
1.1958
1.1712
1.1790
1.1971
1.2431
1.2820
1.2974
1.2664
1.2173
1.1522
1.1068
1.0671
1.0391
1.0156
0.9991
0.9727
0.9554
0.9432
0.9326
0.9182
0.9146
0.9142
0.9254
0.9460
0.9765
1.0027
1.0296
1.0263
1.0060
0.9800
0.9646
0.9419
0.9281
0.9169
0.9082
0.9003
0.8966
0.8949
0.8927
0.8927
0.8910
0.8898
0.8916
0.8917
0.8927
0.9002
0.9125
0.9224
0.9348
0.9413
0.9385
0.9301
0.9240
0.9221
0.9200
0.9205
0.9195
0.9182
0.9169
0.9167
0.9146
0.9164
0.9174
0.9169
0.9173
0.9189
0.9178
0.9170
0.9180
0.9200
0.9235
0.9297
0.9364
0.9417
0.9461
0.9474
0.9448
0.9427
0.9445
0.9447
0.9455
0.9470
0.9470
0.9469
0.9487
0.9484
0.9489
0.9514
0.9518
0.9514
0.9538
0.9558
0.9560
0.9571
0.9594
0.9607
0.9604
0.9609
0.9625
0.9658
0.9695
0.9733
0.9770
0.9792
0.9778
0.9740
0.9727
0.9729
0.9726
0.9735
0.9741
0.9734
0.9742
0.9751
0.9743
0.9755
0.9772
0.9761
0.9762
0.9776
0.9772
0.9764
0.9776
0.9791
0.9791
0.9795
0.9809
0.9817
0.9821
0.9828
0.9847
0.9879
0.9905
0.9919
0.9930
0.9925
0.9903
0.9880
0.9880
0.9877
0.9880
0.9879
0.9875
0.9872
0.9877
0.9870
0.9869
0.9878
0.9873
0.9867
0.9876
0.9877
0.9868
0.9868
0.9872
0.9869
0.9865
0.9871
0.9883
0.9892
0.9898
0.9905
0.9908
0.9910
0.9915
0.9934
0.9959
0.9975
0.9987
0.9991
0.9980
0.9961
0.9953
0.9948
0.9945
0.9946
0.9947
0.9945
0.9949
0.9951
0.9947
0.9954
0.9956
0.9952
0.9955
0.9960
0.9956
0.9957
0.9961
0.9963
0.9961
0.9963
0.9966
0.9965
0.9964
0.9965
0.9966
0.9965
0.9965
0.9963
0.9962
0.9962
0.9966
0.9974
0.9976
0.9976
0.9972
0.9964
0.9952
0.9947
0.9943
0.9940
0.9938
0.9933
0.9927
0.9925
0.9922
0.9917
0.9922
0.9928
0.9934
0.9943
0.9953
0.9955
0.9954
0.9957
0.9961
0.9966
0.9974
0.9984
0.9992
0.9997
0.9998
1.0001
1.0003
1.0002
1.0002
1.0005
1.0004
1.0004
1.0007
1.0010
1.0014
1.0018
1.0022
1.0022
1.0022
1.0019
1.0016
1.0014
1.0014
1.0013
1.0013
1.0013
1.0013
1.0014
1.0014
1.0012
1.0011
1.0008
1.0006
1.0005
1.0006
1.0005
1.0007
1.0008
1.0008
1.0007
1.0008
1.0007
1.0006
1.0006
1.0006
1.0005
1.0004
1.0003
1.0004
1.0004
1.0005
1.0006
1.0006
1.0004
1.0004
1.0002
0.9999
0.9997
0.9995
0.9991
0.9988
0.9987
0.9986
0.9987
0.9990
0.9992
0.9993
0.9996
0.9997
0.9999
1.0002
1.0006
1.0007
1.0012
1.0015
1.0018
1.0020
1.0024
1.0026
1.0029
1.0031
1.0034
1.0033
1.0034
1.0036
1.0037
1.0038
1.0041
1.0043
1.0043
1.0045
1.0045
1.0046
1.0046
1.0047
1.0046
1.0047
1.0045
1.0044
1.0044
1.0043
1.0043
1.0043
1.0043
1.0042
1.0042
1.0040
1.0041
1.0041
1.0041
1.0042
1.0043
1.0043
1.0043
1.0044
1.0044
1.0045
1.0046
1.0048
1.0049
1.0052
1.0054
1.0054
1.0054
1.0053
1.0052
1.0052
1.0052
1.0053
1.0054
1.0054
1.0054
1.0055
1.0055
1.0057
1.0058
1.0059
1.0058
1.0059
1.0058
1.0060
1.0060
1.0060
1.0060
1.0061
1.0060
1.0060
1.0061
1.0061
1.0060
1.0061
1.0063
1.0062
1.0062
1.0063
1.0062
1.0061
1.0061
1.0061
1.0060
1.0061
1.0061
1.0062
1.0061
1.0060
1.0060
1.0059
1.0058
1.0058
1.0057
1.0056
1.0056
1.0055
1.0054
1.0054
1.0052
1.0052
1.0053
1.0053
1.0054
1.0055
1.0055
1.0056
1.0057
1.0056
1.0058
1.0059
1.0059
1.0059
1.0060
1.0060
1.0059
1.0060
1.0061
1.0062
1.0061
1.0063
1.0063
1.0063
1.0064
1.0064
1.0064
1.0064
1.0064
1.0063
1.0063
1.0063
1.0064
1.0064
1.0065
1.0066
1.0066
1.0067
1.0067
1.0066
1.0066
1.0066
1.0065
1.0065
1.0065
1.0064
1.0063
1.0063
1.0062
1.0063
1.0064
1.0064
1.0065
1.0065
1.0064
1.0063
1.0063
1.0062
1.0060
1.0060
1.0059
1.0058
1.0056
1.0055
1.0053
1.0051
1.0049
1.0047
1.0045
1.0043
1.0043
1.0043
1.0045
1.0048
1.0049
1.0049
1.0049
1.0048
1.0047
1.0049
1.0050
1.0052
1.0053
1.0054
1.0055
1.0056
1.0057
1.0057
1.0059
1.0059
1.0058
1.0059
1.0059
1.0058
1.0059
1.0059
1.0060
1.0059
1.0060
1.0059
1.0060
1.0060
1.0059
1.0059
1.0059
1.0058
1.0058
1.0058
1.0058
1.0058
1.0057
1.0058
1.0058
1.0057
1.0057
1.0057
1.0056
1.0056
1.0057
1.0057
1.0057
1.0057
1.0058
1.0057
1.0058
1.0057
1.0057
1.0057
1.0056
1.0055
1.0055
1.0055
1.0055
1.0055
1.0055
1.0053
1.0052
1.0050
1.0050
1.0048
1.0049
1.0050
1.0050
1.0050
1.0051
1.0051
1.0051
1.0051
1.0051
1.0052
1.0052
1.0052
1.0052
1.0052
1.0053
1.0053
1.0054
1.0055
1.0055
1.0055
1.0055
1.0055
1.0055
1.0055
1.0054
1.0054
1.0054
1.0054
1.0054
1.0055
1.0055
1.0056
1.0056
1.0057
1.0056
1.0056
1.0055
1.0055
1.0055
1.0055
1.0055
1.0055
1.0055
1.0056
1.0057
1.0057
1.0057
1.0057
1.0056
1.0055
1.0054
1.0054
1.0055
1.0056
1.0057
1.0058
1.0057
1.0056
1.0055
1.0055
1.0054
1.0054
1.0055
1.0056
1.0057
1.0058
1.0058
1.0058
1.0058
1.0057
1.0056
1.0055
1.0054
1.0054
1.0054
1.0053
1.0053
1.0053
1.0052
1.0051
1.0052
1.0052
1.0052
1.0053
1.0054
1.0054
1.0054
1.0054
1.0054
1.0054
1.0054
1.0053
1.0053
1.0054
1.0055
1.0056
1.0057
1.0056
1.0056
1.0056
1.0057
1.0057
1.0058
1.0058
1.0058
1.0057
1.0057
1.0057
1.0056
1.0055
1.0055
1.0055
1.0054
1.0054
1.0054
1.0054
1.0052
1.0051
1.0049
1.0047
1.0044
1.0043
1.0043
1.0045
1.0048
1.0052
1.0053
1.0054
1.0054
1.0054
1.0053
1.0053
1.0053
1.0054
1.0054
1.0054
1.0056
1.0055
1.0056
1.0057
1.0058
1.0058
1.0058
1.0058
1.0059
1.0059
1.0059
1.0059
1.0060
1.0060
1.0059
1.0059
1.0060
1.0060
1.0059
1.0059
1.0060
1.0059
1.0059
1.0060
1.0061
1.0061
1.0062
1.0061
1.0061
1.0062
1.0062
1.0061
1.0061
1.0061
1.0060
1.0060
1.0060
1.0061
1.0062
1.0063
1.0063
1.0064
1.0064
1.0063
1.0064
1.0064
1.0063
1.0064
1.0064
1.0063
1.0063
1.0064
1.0063
1.0064
1.0065
1.0066
1.0066
1.0066
1.0066
1.0066
1.0065
1.0065
1.0065
1.0066
1.0065
1.0066
1.0066
1.0067
1.0067
1.0068
1.0069
1.0069
1.0068
1.0068
1.0068
1.0069
1.0068
1.0068
1.0069
1.0069
1.0068
1.0068
1.0068
1.0067
1.0068
1.0068
1.0069
1.0070
1.0069
1.0069
1.0070
1.0070
1.0070
1.0071
1.0071
1.0071
1.0072
1.0071
1.0071
1.0070
1.0070
1.0070
1.0070
1.0070
1.0070
1.0070
1.0070
1.0070
1.0071
1.0072
1.0071
1.0071
1.0071
1.0072
1.0072
1.0073
1.0072
1.0073
1.0073
1.0073
1.0073
1.0075
1.0075
1.0074
1.0074
1.0074
1.0074
1.0075
1.0075
1.0075
1.0076
1.0076
1.0075
1.0076
1.0076
1.0076
1.0075
1.0075
1.0075
1.0075
1.0075
1.0076
1.0076
1.0076
1.0076
1.0077
1.0077
1.0077
1.0079
1.0077
1.0078
1.0078
1.0079
1.0079
1.0079
1.0079
1.0079
1.0079
1.0078
1.0079
1.0079
1.0080
1.0080
1.0080
1.0081
1.0080
1.0079
1.0079
1.0079
1.0078
1.0079
1.0080
1.0081
1.0083
1.0083
1.0083
1.0083
1.0081
1.0080
1.0080
1.0080
1.0081
1.0081
1.0081
1.0082
1.0083
1.0083
1.0083
1.0082
1.0082
1.0082
1.0082
1.0081
1.0082
1.0082
1.0081
1.0081
1.0081
1.0081
1.0080
1.0080
1.0079
1.0079
1.0078
1.0079
1.0079
1.0080
1.0081
1.0083
1.0083
1.0083
1.0083
1.0082
1.0082
1.0082
1.0082
1.0083
1.0083
1.0084
1.0085
1.0086
1.0086
1.0086
1.0086
1.0086
1.0087
1.0088
1.0088
1.0087
1.0087
1.0086
1.0086
1.0085
1.0085
1.0085
1.0085
1.0086
1.0088
1.0089
1.0091
1.0091
1.0091
1.0091
1.0090
1.0088
1.0087
1.0086
1.0085
1.0087
1.0088
1.0087
1.0088
1.0089
1.0090
1.0091
1.0093
1.0093
1.0093
1.0092
1.0092
1.0091
1.0091
1.0090
1.0090
1.0089
1.0089
1.0089
1.0089
1.0089
1.0090
1.0090
1.0091
1.0092
1.0091
1.0091
1.0091
1.0090
1.0090
1.0091
1.0091
1.0092
1.0092
1.0093
1.0094
1.0094
1.0095
1.0094
1.0094
1.0093
1.0093
1.0092
1.0092
1.0091
1.0092
1.0092
1.0092
1.0093
1.0093
1.0094
1.0094
1.0094
1.0093
1.0094
1.0094
1.0094
1.0095
1.0095
1.0096
1.0095
1.0096
1.0095
1.0094
1.0094
1.0095
1.0095
1.0095
1.0097
1.0097
1.0096
1.0095
1.0096
1.0096
1.0096
1.0096
1.0096
1.0096
1.0097
1.0096
1.0097
1.0097
1.0097
1.0097
1.0097
1.0097
1.0099
1.0099
1.0099
1.0099
1.0098
1.0097
1.0097
1.0097
1.0098
1.0100
1.0100
1.0100
1.0101
1.0101
1.0100
1.0100
1.0100
1.0100
1.0100
1.0101
1.0102
1.0102
1.0103
1.0103
1.0103
1.0104
1.0104
1.0104
1.0105
1.0105
1.0104
1.0104
1.0103
1.0102
1.0102
1.0103
1.0104
1.0104
1.0104
1.0104
1.0104
1.0104
1.0104
1.0105
1.0106
1.0106
1.0105
1.0106
1.0106
1.0106
1.0106
1.0107
1.0107
1.0106
1.0106
1.0107
1.0108
1.0108
1.0108
1.0109
1.0109
1.0108
1.0109
1.0109
1.0109
1.0109
1.0110
1.0110
1.0110
1.0109
1.0110
1.0110
1.0111
1.0112
1.0112
1.0112
1.0112
1.0112
1.0113
1.0112
1.0112
1.0111
1.0111
1.0111
1.0112
1.0112
1.0112
1.0112
1.0113
1.0113
1.0113
1.0114
1.0114
1.0114
1.0115
1.0114
1.0115
1.0115
1.0116
1.0116
1.0117
1.0117
1.0117
1.0117
1.0117
1.0118
1.0118
1.0118
1.0119
1.0118
1.0118
1.0118
1.0118
1.0118
1.0118
1.0119
1.0119
1.0119
1.0119
1.0119
1.0119
1.0119
1.0120
1.0121
1.0121
1.0121
1.0121
1.0121
1.0121
1.0122
1.0122
1.0122
1.0122
1.0121
1.0121
1.0122
1.0122
1.0122
1.0122
1.0123
1.0122
1.0123
1.0123
1.0124
1.0125
1.0125
1.0125
1.0127
1.0127
1.0126
1.0126
1.0125
1.0124
1.0124
1.0125
1.0126
1.0127
1.0127
1.0127
1.0127
1.0126
1.0125
1.0126
1.0126
1.0125
1.0126
1.0126
1.0126
1.0128
1.0129
1.0129
1.0130
1.0130
1.0129
1.0129
1.0130
1.0130
1.0131
1.0131
1.0131
1.0131
1.0131
1.0131
1.0131
1.0131
1.0131
1.0132
1.0133
1.0133
1.0134
1.0134
1.0134
1.0134
1.0135
1.0135
1.0135
1.0134
1.0133
1.0133
1.0133
1.0133
1.0133
1.0134
1.0135
1.0135
1.0136
1.0136
1.0136
1.0136
1.0137
1.0137
1.0137
1.0136
1.0136
1.0136
1.0136
1.0137
1.0137
1.0137
1.0137
1.0137
1.0137
1.0137
1.0138
1.0138
1.0138
1.0138
1.0138
1.0138
1.0138
1.0138
1.0138
1.0139
1.0139
1.0141
1.0141
1.0142
1.0143
1.0143
1.0142
1.0142
1.0142
1.0143
1.0143
1.0143
1.0143
1.0142
1.0142
1.0143
1.0144
1.0145
1.0145
1.0145
1.0144
1.0143
1.0143
1.0143
1.0144
1.0144
1.0145
1.0144
1.0144
1.0143
1.0143
1.0143
1.0144
1.0144
1.0144
1.0143
1.0144
1.0143
1.0144
1.0145
1.0147
1.0147
1.0147
1.0146
1.0146
1.0147
1.0146
1.0145
1.0146
1.0147
1.0146
1.0146
1.0147
1.0147
1.0148
1.0149
1.0150
1.0150
1.0150
1.0149
1.0149
1.0149
1.0150
1.0149
1.0150
1.0150
1.0150
1.0150
1.0151
1.0151
1.0151
1.0151
1.0150
1.0150
1.0151
1.0151
1.0152
1.0154
1.0153
1.0153
1.0152
1.0151
1.0151
1.0152
1.0152
1.0153
1.0153
1.0152
1.0152
1.0152
1.0152
1.0153
1.0154
1.0154
1.0155
1.0154
1.0153
1.0154
1.0154
1.0154
1.0155
1.0155
1.0154
1.0155
1.0157
1.0156
1.0156
1.0156
1.0155
1.0154
1.0154
1.0154
1.0155
1.0155
1.0154
1.0156
1.0157
1.0158
1.0159
1.0160
1.0159
1.0158
1.0159
1.0158
1.0158
1.0158
1.0158
1.0157
1.0157
1.0159
1.0159
1.0159
1.0159
1.0158
1.0158
1.0159
1.0159
1.0160
1.0160
1.0161
1.0161
1.0161
1.0161
1.0161
1.0160
1.0160
1.0159
1.0159
1.0162
1.0162
1.0163
1.0163
1.0162
1.0159
1.0159
1.0159
1.0159
1.0160
1.0160
1.0163
1.0163
1.0163
1.0163
1.0164
1.0163
1.0162
1.0163
1.0163
1.0163
1.0161
1.0163
1.0163
1.0163
1.0164
1.0167
1.0166
1.0166
1.0167
1.0166
1.0165
1.0165
1.0164
1.0164
1.0164
1.0164
1.0165
1.0166
1.0166
1.0166
1.0165
1.0165
1.0164
1.0167
1.0167
1.0168
1.0169
1.0170
1.0167
1.0165
1.0165
1.0166
1.0166
1.0168
1.0170
1.0172
1.0171
1.0169
1.0168
1.0169
1.0168
1.0169
1.0171
1.0171
1.0169
1.0171
1.0170
1.0168
1.0169
1.0171
1.0171
1.0173
1.0175
1.0175
1.0174
1.0173
1.0171
1.0171
1.0171
1.0171
1.0171
1.0172
1.0172
1.0173
1.0173
1.0173
1.0177
1.0178
1.0178
1.0177
1.0177
1.0174
1.0174
1.0174
1.0175
1.0176
1.0176
1.0177
1.0177
1.0177
1.0177
1.0176
1.0174
1.0175
1.0175
1.0176
1.0176
1.0177
1.0177
1.0177
1.0177
1.0178
1.0177
1.0178
1.0177
1.0176
1.0177
1.0176
1.0176
1.0178
1.0179
1.0180
1.0182
1.0180
1.0180
1.0180
1.0180
1.0178
1.0178
1.0179
1.0180
1.0179
1.0180
1.0180
1.0180
1.0180
1.0181
1.0181
1.0181
1.0179
1.0180
1.0178
1.0180
1.0182
1.0184
1.0183
1.0184
1.0183
1.0182
1.0182
1.0184
1.0185
1.0185
1.0184
1.0184
1.0182
1.0182
1.0185
1.0187
1.0188
1.0188
1.0187
1.0185
1.0184
1.0184
1.0185
1.0185
1.0186
1.0187
1.0185
1.0184
1.0185
1.0185
1.0184
1.0186
1.0187
1.0187
1.0187
1.0187
1.0186
1.0185
1.0184
1.0184
1.0185
1.0188
1.0190
1.0191
1.0192
1.0192
1.0191
1.0190
1.0191
1.0191
1.0190
1.0190
1.0189
1.0189
1.0189
1.0192
1.0191
1.0194
1.0195
1.0195
1.0193
1.0193
1.0193
1.0192
1.0192
1.0193
1.0193
1.0193
1.0193
1.0192
1.0193
1.0193
1.0194
1.0194
1.0195
1.0195
1.0194
1.0193
1.0194
1.0194
1.0195
1.0195
1.0194
1.0194
1.0195
1.0195
1.0194
1.0196
1.0198
1.0198
1.0199
1.0200
1.0198
1.0198
1.0200
1.0199
1.0198
1.0200
1.0199
1.0197
1.0199
1.0199
1.0199
1.0200
1.0199
1.0199
1.0201
1.0203
1.0203
1.0205
1.0205
1.0204
1.0201
1.0201
1.0201
1.0202
1.0201
1.0201
1.0202
1.0201
1.0200
1.0201
1.0203
1.0207
1.0209
1.0210
1.0212
1.0210
1.0206
1.0204
1.0203
1.0202
1.0204
1.0205
1.0205
1.0206
1.0207
1.0204
1.0202
1.0200
1.0196
1.0194
1.0196
1.0199
1.0201
1.0205
1.0207
1.0208
1.0207
1.0208
1.0210
1.0209
1.0211
1.0211
1.0210
1.0210
1.0210
1.0211
1.0210
1.0211
1.0209
1.0210
1.0209
1.0208
1.0209
1.0209
1.0208
1.0208
1.0209
1.0208
1.0207
1.0206
1.0208
1.0210
1.0211
1.0212
1.0213
1.0211
1.0209
1.0210
1.0218
1.0220
1.0221
1.0221
1.0221
1.0212
1.0213
1.0213
1.0215
1.0216
1.0217
1.0216
1.0217
1.0217
1.0216
1.0219
1.0218
1.0218
1.0218
1.0215
1.0213
1.0212
1.0213
1.0214
1.0218
1.0219
1.0219
1.0217
1.0217
1.0216
1.0215
1.0215
1.0217
1.0216
1.0218
1.0221
1.0220
1.0218
1.0217
1.0217
1.0216
1.0217
1.0219
1.0219
1.0219
1.0219
1.0219
1.0218
1.0221
1.0219
1.0219
1.0220
1.0222
1.0221
1.0224
1.0222
1.0220
1.0216
1.0215
1.0214
1.0216
1.0217
1.0218
1.0217
1.0216
1.0213
1.0214
1.0215
1.0216
1.0215
1.0216
1.0216
1.0216
1.0216
1.0219
1.0220
1.0223
1.0221
1.0223
1.0221
1.0219
1.0216
1.0217
1.0214
1.0216
1.0219
1.0217
1.0216
1.0213
1.0209
1.0206
1.0205
1.0205
1.0209
1.0210
1.0213
1.0214
1.0219
1.0219
1.0218
1.0228
1.0252
1.0255
1.0284
1.0418
1.1124
1.0386
1.0478
