1.0217
1.0651
1.0349
0.7690
-0.4683
-9.5541
4.1678
3.8079
3.8143
4.1286
4.5262
4.8714
5.1685
4.7739
4.3823
4.8304
4.5320
4.6625
5.4841
5.7645
4.1880
3.8016
3.7094
3.6229
3.3963
3.9483
3.9255
3.7036
3.6645
4.3827
4.0404
5.0975
5.3497
5.9662
3.6414
3.6222
3.2209
3.1180
2.8608
3.1248
3.1368
3.3821
3.3828
3.4631
3.8490
3.9511
3.2916
3.3735
3.2396
2.8666
2.8884
2.9782
2.8170
2.7511
3.0179
2.8033
2.8360
2.8826
2.8673
2.8136
2.9434
2.9655
3.1944
3.2815
3.2224
3.2293
3.2192
3.2126
3.3287
3.3354
3.1178
2.9345
2.8470
2.7133
2.6564
2.7769
2.9135
2.7345
2.8368
2.6646
2.6343
2.5433
2.6505
2.6601
2.6815
2.6564
2.6654
2.6222
2.5412
2.7530
2.7048
2.6682
2.6207
2.6862
2.5975
2.6306
2.7022
2.6626
2.6710
2.6526
2.5902
2.5387
2.6418
2.4907
2.4752
2.5358
2.5941
2.5082
2.6253
2.5281
2.4666
2.4382
2.4042
2.3918
2.4187
2.3338
2.3455
2.3651
2.3101
2.3232
2.3060
2.2131
2.2018
2.1968
2.2126
2.2428
2.2766
2.2220
2.2241
2.1525
2.1577
2.1524
2.1951
2.2532
2.3340
2.3460
2.3418
2.3655
2.2842
2.2713
2.2680
2.2657
2.2429
2.2966
2.2873
2.2621
2.2592
2.3296
2.2603
2.2717
2.2401
2.2680
2.2338
2.2682
2.2990
2.4303
2.4470
2.4101
2.5290
2.5286
2.4235
2.4760
2.6063
2.5845
2.5911
2.7240
2.7684
2.7108
2.4486
2.5004
2.4732
2.4650
2.5013
2.8389
2.6309
2.7492
2.7301
2.6140
2.5788
2.6572
2.5385
2.5274
2.6132
2.5521
2.5889
2.7152
2.7608
2.7148
2.8687
2.8195
2.8156
2.8031
2.7955
2.7552
2.7457
2.6322
2.6786
2.6174
2.5233
2.5745
2.6384
2.5560
2.5323
2.5268
2.5536
2.6146
2.5988
2.5946
2.7165
2.5241
2.4527
2.3975
2.4025
2.3076
2.2725
2.2097
2.2373
2.2403
2.1983
2.1462
2.1491
2.0534
1.9740
1.8881
1.8521
1.7795
1.7664
1.7571
1.7936
1.8033
1.8173
1.7718
1.7193
1.6365
1.5612
1.4963
1.4380
1.3854
1.3468
1.3036
1.2623
1.2247
1.1959
1.1714
1.1792
1.1974
1.2433
1.2820
1.2974
1.2662
1.2168
1.1519
1.1064
1.0667
1.0389
1.0157
0.9990
0.9728
0.9556
0.9434
0.9328
0.9183
0.9147
0.9143
0.9253
0.9459
0.9764
1.0025
1.0294
1.0262
1.0059
0.9799
0.9646
0.9419
0.9281
0.9169
0.9082
0.9003
0.8966
0.8949
0.8928
0.8927
0.8911
0.8898
0.8916
0.8918
0.8927
0.9003
0.9126
0.9225
0.9348
0.9414
0.9385
0.9302
0.9240
0.9221
0.9201
0.9206
0.9195
0.9183
0.9169
0.9167
0.9146
0.9164
0.9175
0.9170
0.9174
0.9190
0.9178
0.9170
0.9180
0.9200
0.9235
0.9297
0.9364
0.9417
0.9461
0.9474
0.9448
0.9427
0.9445
0.9446
0.9455
0.9469
0.9470
0.9469
0.9487
0.9485
0.9490
0.9515
0.9518
0.9515
0.9538
0.9558
0.9560
0.9571
0.9594
0.9607
0.9604
0.9609
0.9625
0.9658
0.9695
0.9732
0.9770
0.9792
0.9778
0.9741
0.9727
0.9729
0.9725
0.9735
0.9741
0.9734
0.9742
0.9751
0.9743
0.9755
0.9772
0.9761
0.9762
0.9776
0.9772
0.9764
0.9776
0.9791
0.9791
0.9795
0.9809
0.9818
0.9822
0.9829
0.9847
0.9879
0.9905
0.9919
0.9930
0.9925
0.9903
0.9880
0.9879
0.9876
0.9880
0.9879
0.9874
0.9872
0.9877
0.9870
0.9868
0.9878
0.9873
0.9867
0.9876
0.9877
0.9868
0.9869
0.9872
0.9869
0.9865
0.9871
0.9883
0.9892
0.9898
0.9905
0.9908
0.9910
0.9915
0.9934
0.9959
0.9975
0.9987
0.9991
0.9980
0.9961
0.9953
0.9948
0.9945
0.9947
0.9947
0.9945
0.9949
0.9951
0.9947
0.9954
0.9956
0.9953
0.9955
0.9960
0.9956
0.9957
0.9961
0.9964
0.9961
0.9963
0.9966
0.9965
0.9964
0.9965
0.9966
0.9965
0.9964
0.9963
0.9962
0.9962
0.9966
0.9974
0.9976
0.9976
0.9972
0.9964
0.9952
0.9947
0.9943
0.9940
0.9938
0.9933
0.9927
0.9925
0.9922
0.9917
0.9922
0.9928
0.9933
0.9943
0.9953
0.9954
0.9954
0.9957
0.9961
0.9966
0.9974
0.9983
0.9991
0.9996
0.9998
1.0001
1.0003
1.0002
1.0002
1.0005
1.0004
1.0004
1.0007
1.0010
1.0014
1.0018
1.0022
1.0021
1.0022
1.0019
1.0016
1.0014
1.0014
1.0013
1.0013
1.0013
1.0013
1.0014
1.0014
1.0012
1.0011
1.0008
1.0006
1.0005
1.0005
1.0005
1.0007
1.0008
1.0007
1.0007
1.0007
1.0007
1.0006
1.0006
1.0005
1.0004
1.0004
1.0003
1.0004
1.0004
1.0005
1.0006
1.0006
1.0004
1.0004
1.0002
0.9999
0.9997
0.9995
0.9991
0.9988
0.9987
0.9986
0.9987
0.9990
0.9992
0.9994
0.9997
0.9997
1.0000
1.0002
1.0006
1.0007
1.0012
1.0014
1.0018
1.0020
1.0024
1.0026
1.0029
1.0031
1.0034
1.0033
1.0034
1.0036
1.0037
1.0039
1.0041
1.0043
1.0043
1.0045
1.0046
1.0046
1.0046
1.0047
1.0046
1.0046
1.0045
1.0044
1.0044
1.0043
1.0043
1.0043
1.0043
1.0042
1.0042
1.0040
1.0041
1.0041
1.0041
1.0042
1.0044
1.0044
1.0043
1.0044
1.0044
1.0045
1.0047
1.0048
1.0049
1.0052
1.0054
1.0054
1.0054
1.0053
1.0052
1.0052
1.0053
1.0053
1.0053
1.0054
1.0054
1.0054
1.0055
1.0057
1.0058
1.0059
1.0058
1.0059
1.0058
1.0059
1.0060
1.0060
1.0060
1.0061
1.0060
1.0060
1.0060
1.0061
1.0060
1.0061
1.0063
1.0062
1.0062
1.0063
1.0062
1.0061
1.0061
1.0061
1.0060
1.0061
1.0061
1.0062
1.0061
1.0060
1.0060
1.0059
1.0058
1.0058
1.0056
1.0056
1.0055
1.0055
1.0054
1.0054
1.0052
1.0052
1.0053
1.0053
1.0054
1.0055
1.0055
1.0056
1.0057
1.0056
1.0058
1.0059
1.0059
1.0059
1.0060
1.0060
1.0059
1.0060
1.0061
1.0062
1.0061
1.0063
1.0063
1.0064
1.0064
1.0064
1.0064
1.0064
1.0064
1.0063
1.0063
1.0064
1.0064
1.0064
1.0065
1.0066
1.0067
1.0067
1.0067
1.0066
1.0066
1.0065
1.0065
1.0065
1.0065
1.0064
1.0063
1.0063
1.0062
1.0063
1.0063
1.0064
1.0065
1.0065
1.0064
1.0063
1.0063
1.0062
1.0060
1.0060
1.0059
1.0058
1.0056
1.0055
1.0053
1.0051
1.0049
1.0047
1.0045
1.0043
1.0043
1.0043
1.0045
1.0048
1.0049
1.0049
1.0049
1.0049
1.0047
1.0049
1.0050
1.0052
1.0053
1.0054
1.0055
1.0056
1.0057
1.0057
1.0059
1.0059
1.0058
1.0059
1.0060
1.0059
1.0059
1.0059
1.0060
1.0059
1.0060
1.0059
1.0060
1.0060
1.0059
1.0059
1.0059
1.0058
1.0058
1.0058
1.0058
1.0058
1.0057
1.0058
1.0058
1.0056
1.0057
1.0057
1.0056
1.0056
1.0057
1.0057
1.0057
1.0057
1.0058
1.0057
1.0058
1.0057
1.0057
1.0056
1.0056
1.0055
1.0055
1.0055
1.0055
1.0055
1.0055
1.0053
1.0052
1.0050
1.0050
1.0048
1.0049
1.0049
1.0050
1.0050
1.0051
1.0051
1.0051
1.0051
1.0051
1.0052
1.0052
1.0053
1.0052
1.0052
1.0053
1.0053
1.0054
1.0055
1.0055
1.0055
1.0055
1.0055
1.0055
1.0054
1.0054
1.0054
1.0054
1.0054
1.0054
1.0055
1.0055
1.0056
1.0056
1.0057
1.0056
1.0055
1.0055
1.0055
1.0054
1.0055
1.0055
1.0055
1.0055
1.0056
1.0057
1.0057
1.0057
1.0057
1.0056
1.0055
1.0054
1.0054
1.0055
1.0056
1.0057
1.0058
1.0058
1.0056
1.0055
1.0055
1.0054
1.0054
1.0055
1.0056
1.0057
1.0058
1.0058
1.0058
1.0058
1.0057
1.0056
1.0055
1.0054
1.0054
1.0054
1.0053
1.0053
1.0053
1.0052
1.0051
1.0051
1.0052
1.0052
1.0053
1.0054
1.0054
1.0054
1.0054
1.0054
1.0054
1.0054
1.0053
1.0053
1.0054
1.0055
1.0056
1.0057
1.0056
1.0056
1.0056
1.0057
1.0057
1.0058
1.0058
1.0058
1.0057
1.0057
1.0057
1.0056
1.0055
1.0055
1.0055
1.0054
1.0054
1.0054
1.0054
1.0052
1.0051
1.0049
1.0046
1.0044
1.0043
1.0043
1.0045
1.0048
1.0052
1.0053
1.0054
1.0054
1.0054
1.0053
1.0053
1.0053
1.0054
1.0054
1.0054
1.0056
1.0055
1.0056
1.0057
1.0058
1.0058
1.0059
1.0058
1.0059
1.0059
1.0059
1.0059
1.0060
1.0059
1.0059
1.0059
1.0060
1.0060
1.0060
1.0060
1.0060
1.0059
1.0059
1.0060
1.0061
1.0061
1.0061
1.0061
1.0061
1.0061
1.0062
1.0061
1.0061
1.0061
1.0060
1.0060
1.0060
1.0061
1.0062
1.0063
1.0063
1.0064
1.0064
1.0063
1.0064
1.0064
1.0064
1.0064
1.0064
1.0064
1.0063
1.0064
1.0063
1.0064
1.0065
1.0066
1.0066
1.0066
1.0066
1.0066
1.0065
1.0065
1.0065
1.0066
1.0065
1.0066
1.0066
1.0067
1.0067
1.0068
1.0069
1.0069
1.0068
1.0069
1.0068
1.0069
1.0068
1.0068
1.0069
1.0069
1.0068
1.0068
1.0068
1.0067
1.0068
1.0068
1.0069
1.0070
1.0069
1.0069
1.0070
1.0070
1.0070
1.0071
1.0071
1.0071
1.0072
1.0071
1.0071
1.0071
1.0071
1.0070
1.0070
1.0070
1.0070
1.0070
1.0070
1.0070
1.0071
1.0071
1.0071
1.0071
1.0071
1.0072
1.0072
1.0073
1.0072
1.0073
1.0073
1.0073
1.0073
1.0075
1.0075
1.0074
1.0074
1.0074
1.0074
1.0075
1.0075
1.0075
1.0076
1.0076
1.0075
1.0076
1.0076
1.0076
1.0075
1.0075
1.0075
1.0075
1.0075
1.0076
1.0076
1.0076
1.0076
1.0077
1.0077
1.0077
1.0079
1.0078
1.0078
1.0078
1.0079
1.0079
1.0079
1.0079
1.0079
1.0079
1.0078
1.0079
1.0079
1.0080
1.0080
1.0080
1.0081
1.0080
1.0079
1.0079
1.0079
1.0079
1.0079
1.0080
1.0082
1.0083
1.0083
1.0083
1.0083
1.0081
1.0080
1.0080
1.0080
1.0081
1.0081
1.0082
1.0083
1.0083
1.0083
1.0083
1.0082
1.0082
1.0082
1.0082
1.0081
1.0082
1.0082
1.0081
1.0081
1.0081
1.0081
1.0080
1.0080
1.0079
1.0079
1.0078
1.0079
1.0079
1.0080
1.0081
1.0083
1.0083
1.0083
1.0083
1.0082
1.0082
1.0082
1.0082
1.0083
1.0083
1.0084
1.0085
1.0086
1.0086
1.0086
1.0086
1.0086
1.0087
1.0088
1.0088
1.0087
1.0087
1.0086
1.0086
1.0085
1.0085
1.0085
1.0085
1.0087
1.0088
1.0089
1.0091
1.0091
1.0091
1.0091
1.0089
1.0088
1.0086
1.0086
1.0085
1.0086
1.0087
1.0087
1.0088
1.0089
1.0090
1.0091
1.0093
1.0093
1.0093
1.0092
1.0092
1.0091
1.0091
1.0090
1.0090
1.0089
1.0089
1.0089
1.0089
1.0089
1.0089
1.0090
1.0091
1.0092
1.0091
1.0091
1.0091
1.0090
1.0090
1.0091
1.0091
1.0092
1.0092
1.0093
1.0094
1.0094
1.0095
1.0094
1.0094
1.0093
1.0093
1.0092
1.0092
1.0091
1.0092
1.0092
1.0092
1.0093
1.0093
1.0094
1.0094
1.0094
1.0093
1.0094
1.0094
1.0095
1.0095
1.0095
1.0096
1.0095
1.0096
1.0095
1.0094
1.0094
1.0095
1.0095
1.0095
1.0097
1.0097
1.0096
1.0095
1.0096
1.0095
1.0096
1.0096
1.0096
1.0097
1.0097
1.0097
1.0097
1.0097
1.0097
1.0097
1.0097
1.0097
1.0099
1.0099
1.0099
1.0099
1.0099
1.0097
1.0097
1.0097
1.0098
1.0100
1.0100
1.0100
1.0101
1.0101
1.0100
1.0100
1.0100
1.0100
1.0101
1.0101
1.0102
1.0102
1.0103
1.0103
1.0103
1.0104
1.0104
1.0104
1.0105
1.0105
1.0104
1.0103
1.0103
1.0102
1.0102
1.0103
1.0103
1.0104
1.0104
1.0104
1.0104
1.0104
1.0104
1.0105
1.0106
1.0106
1.0105
1.0106
1.0106
1.0106
1.0106
1.0106
1.0107
1.0106
1.0106
1.0107
1.0108
1.0108
1.0108
1.0109
1.0109
1.0109
1.0109
1.0109
1.0109
1.0109
1.0110
1.0110
1.0110
1.0109
1.0110
1.0110
1.0111
1.0112
1.0111
1.0112
1.0112
1.0112
1.0113
1.0112
1.0111
1.0111
1.0111
1.0111
1.0112
1.0112
1.0112
1.0112
1.0113
1.0113
1.0113
1.0114
1.0114
1.0114
1.0114
1.0114
1.0115
1.0115
1.0116
1.0116
1.0117
1.0117
1.0117
1.0117
1.0117
1.0118
1.0118
1.0118
1.0119
1.0118
1.0118
1.0118
1.0118
1.0118
1.0118
1.0119
1.0119
1.0119
1.0119
1.0119
1.0119
1.0119
1.0120
1.0121
1.0121
1.0121
1.0121
1.0121
1.0121
1.0121
1.0122
1.0122
1.0122
1.0121
1.0121
1.0122
1.0122
1.0122
1.0123
1.0123
1.0123
1.0124
1.0123
1.0124
1.0125
1.0125
1.0125
1.0127
1.0127
1.0126
1.0126
1.0125
1.0124
1.0124
1.0124
1.0126
1.0127
1.0127
1.0127
1.0127
1.0126
1.0125
1.0126
1.0126
1.0125
1.0126
1.0127
1.0127
1.0128
1.0129
1.0129
1.0130
1.0130
1.0129
1.0129
1.0130
1.0130
1.0131
1.0131
1.0131
1.0131
1.0131
1.0131
1.0131
1.0131
1.0131
1.0132
1.0133
1.0133
1.0133
1.0134
1.0134
1.0134
1.0135
1.0135
1.0135
1.0134
1.0133
1.0133
1.0133
1.0133
1.0133
1.0134
1.0135
1.0135
1.0136
1.0136
1.0136
1.0136
1.0137
1.0137
1.0137
1.0136
1.0136
1.0137
1.0137
1.0137
1.0137
1.0137
1.0137
1.0137
1.0137
1.0137
1.0138
1.0138
1.0138
1.0138
1.0139
1.0138
1.0138
1.0138
1.0138
1.0139
1.0139
1.0141
1.0141
1.0142
1.0143
1.0143
1.0143
1.0142
1.0142
1.0143
1.0143
1.0143
1.0143
1.0142
1.0142
1.0143
1.0144
1.0145
1.0145
1.0145
1.0144
1.0143
1.0143
1.0143
1.0144
1.0144
1.0145
1.0144
1.0144
1.0143
1.0143
1.0143
1.0144
1.0144
1.0144
1.0143
1.0144
1.0143
1.0144
1.0145
1.0147
1.0147
1.0147
1.0146
1.0146
1.0147
1.0146
1.0146
1.0146
1.0147
1.0146
1.0146
1.0147
1.0147
1.0148
1.0149
1.0150
1.0150
1.0150
1.0149
1.0149
1.0149
1.0150
1.0149
1.0150
1.0151
1.0151
1.0150
1.0151
1.0151
1.0151
1.0151
1.0151
1.0151
1.0151
1.0151
1.0152
1.0154
1.0153
1.0153
1.0153
1.0152
1.0151
1.0153
1.0153
1.0154
1.0153
1.0152
1.0152
1.0152
1.0152
1.0153
1.0154
1.0154
1.0155
1.0154
1.0154
1.0154
1.0155
1.0154
1.0155
1.0155
1.0154
1.0155
1.0156
1.0156
1.0156
1.0156
1.0155
1.0154
1.0154
1.0155
1.0155
1.0155
1.0154
1.0156
1.0157
1.0158
1.0159
1.0160
1.0159
1.0158
1.0159
1.0158
1.0158
1.0158
1.0158
1.0157
1.0157
1.0158
1.0159
1.0159
1.0159
1.0158
1.0158
1.0159
1.0159
1.0160
1.0160
1.0161
1.0161
1.0161
1.0161
1.0161
1.0160
1.0160
1.0159
1.0159
1.0162
1.0162
1.0163
1.0163
1.0162
1.0159
1.0159
1.0159
1.0159
1.0160
1.0160
1.0163
1.0163
1.0163
1.0163
1.0164
1.0163
1.0162
1.0163
1.0164
1.0163
1.0161
1.0163
1.0164
1.0163
1.0164
1.0167
1.0166
1.0166
1.0167
1.0167
1.0166
1.0165
1.0164
1.0164
1.0164
1.0164
1.0165
1.0166
1.0166
1.0166
1.0165
1.0165
1.0164
1.0167
1.0168
1.0169
1.0169
1.0170
1.0167
1.0165
1.0165
1.0166
1.0166
1.0168
1.0170
1.0172
1.0171
1.0169
1.0168
1.0169
1.0168
1.0169
1.0171
1.0171
1.0169
1.0171
1.0170
1.0168
1.0169
1.0171
1.0171
1.0174
1.0176
1.0176
1.0175
1.0173
1.0171
1.0171
1.0171
1.0171
1.0171
1.0172
1.0172
1.0172
1.0173
1.0173
1.0177
1.0178
1.0178
1.0178
1.0177
1.0174
1.0174
1.0174
1.0175
1.0176
1.0176
1.0177
1.0178
1.0177
1.0177
1.0176
1.0175
1.0175
1.0175
1.0176
1.0176
1.0177
1.0177
1.0178
1.0177
1.0178
1.0177
1.0178
1.0177
1.0176
1.0177
1.0176
1.0176
1.0177
1.0178
1.0179
1.0182
1.0181
1.0181
1.0180
1.0180
1.0178
1.0179
1.0179
1.0180
1.0179
1.0180
1.0180
1.0180
1.0179
1.0181
1.0181
1.0181
1.0179
1.0181
1.0178
1.0180
1.0182
1.0184
1.0183
1.0184
1.0183
1.0182
1.0182
1.0184
1.0185
1.0185
1.0184
1.0184
1.0182
1.0182
1.0185
1.0187
1.0188
1.0188
1.0187
1.0185
1.0184
1.0184
1.0185
1.0185
1.0186
1.0187
1.0185
1.0184
1.0185
1.0185
1.0184
1.0186
1.0187
1.0187
1.0187
1.0187
1.0186
1.0185
1.0184
1.0184
1.0185
1.0187
1.0189
1.0191
1.0192
1.0192
1.0191
1.0190
1.0191
1.0191
1.0190
1.0190
1.0189
1.0189
1.0190
1.0192
1.0192
1.0194
1.0195
1.0195
1.0193
1.0194
1.0193
1.0193
1.0192
1.0193
1.0194
1.0193
1.0193
1.0192
1.0193
1.0193
1.0194
1.0194
1.0195
1.0195
1.0194
1.0193
1.0194
1.0194
1.0195
1.0195
1.0194
1.0194
1.0195
1.0195
1.0194
1.0196
1.0198
1.0198
1.0199
1.0200
1.0198
1.0198
1.0200
1.0199
1.0198
1.0200
1.0198
1.0197
1.0198
1.0199
1.0199
1.0200
1.0199
1.0199
1.0201
1.0203
1.0203
1.0205
1.0205
1.0204
1.0201
1.0201
1.0201
1.0202
1.0201
1.0201
1.0202
1.0201
1.0200
1.0201
1.0203
1.0206
1.0209
1.0210
1.0212
1.0210
1.0205
1.0204
1.0203
1.0202
1.0204
1.0205
1.0205
1.0206
1.0207
1.0204
1.0202
1.0200
1.0196
1.0194
1.0195
1.0199
1.0201
1.0205
1.0207
1.0208
1.0207
1.0208
1.0210
1.0209
1.0210
1.0211
1.0210
1.0210
1.0210
1.0211
1.0211
1.0211
1.0209
1.0210
1.0209
1.0208
1.0209
1.0209
1.0208
1.0208
1.0209
1.0208
1.0207
1.0206
1.0208
1.0210
1.0211
1.0213
1.0214
1.0211
1.0209
1.0210
1.0218
1.0220
1.0221
1.0221
1.0221
1.0212
1.0213
1.0213
1.0215
1.0216
1.0217
1.0217
1.0217
1.0217
1.0216
1.0219
1.0218
1.0218
1.0218
1.0215
1.0213
1.0211
1.0213
1.0214
1.0218
1.0218
1.0219
1.0217
1.0217
1.0215
1.0215
1.0215
1.0217
1.0217
1.0218
1.0221
1.0220
1.0218
1.0217
1.0217
1.0216
1.0217
1.0219
1.0219
1.0219
1.0219
1.0219
1.0218
1.0220
1.0219
1.0219
1.0220
1.0222
1.0222
1.0224
1.0222
1.0221
1.0217
1.0215
1.0214
1.0216
1.0217
1.0218
1.0217
1.0216
1.0213
1.0214
1.0215
1.0217
1.0215
1.0216
1.0216
1.0216
1.0217
1.0219
1.0219
1.0222
1.0221
1.0222
1.0221
1.0219
1.0216
1.0217
1.0214
1.0216
1.0219
1.0217
1.0216
1.0213
1.0209
1.0206
1.0205
1.0205
1.0208
1.0210
1.0213
1.0214
1.0219
1.0219
1.0218
1.0227
1.0252
1.0255
1.0283
1.0418
1.1125
1.0381
1.0477
