1.0217
1.0650
1.0349
0.7697
-0.4665
-9.5513
4.1673
3.8082
3.8154
4.1291
4.5266
4.8698
5.1663
4.7732
4.3817
4.8287
4.5308
4.6605
5.4794
5.7598
4.1848
3.7998
3.7083
3.6223
3.3950
3.9476
3.9258
3.7035
3.6646
4.3844
4.0420
5.0970
5.3487
5.9659
3.6400
3.6209
3.2207
3.1180
2.8605
3.1243
3.1361
3.3807
3.3812
3.4613
3.8480
3.9494
3.2904
3.3734
3.2396
2.8659
2.8881
2.9783
2.8167
2.7508
3.0178
2.8027
2.8349
2.8816
2.8665
2.8135
2.9441
2.9669
3.1957
3.2826
3.2235
3.2301
3.2197
3.2137
3.3300
3.3361
3.1192
2.9351
2.8469
2.7129
2.6565
2.7764
2.9132
2.7345
2.8365
2.6635
2.6335
2.5426
2.6496
2.6597
2.6816
2.6557
2.6647
2.6215
2.5402
2.7517
2.7041
2.6674
2.6198
2.6855
2.5963
2.6293
2.7011
2.6614
2.6695
2.6514
2.5891
2.5378
2.6411
2.4898
2.4748
2.5357
2.5935
2.5077
2.6253
2.5278
2.4661
2.4381
2.4044
2.3921
2.4190
2.3342
2.3455
2.3649
2.3098
2.3225
2.3051
2.2124
2.2013
2.1968
2.2130
2.2432
2.2771
2.2221
2.2237
2.1517
2.1569
2.1517
2.1947
2.2528
2.3334
2.3454
2.3412
2.3646
2.2835
2.2710
2.2679
2.2655
2.2423
2.2959
2.2867
2.2618
2.2590
2.3302
2.2611
2.2727
2.2407
2.2688
2.2343
2.2687
2.2992
2.4307
2.4474
2.4104
2.5292
2.5287
2.4237
2.4757
2.6060
2.5842
2.5907
2.7242
2.7691
2.7113
2.4490
2.5008
2.4737
2.4653
2.5020
2.8394
2.6313
2.7487
2.7298
2.6137
2.5785
2.6566
2.5387
2.5271
2.6127
2.5517
2.5885
2.7152
2.7605
2.7145
2.8687
2.8195
2.8147
2.8027
2.7954
2.7550
2.7454
2.6322
2.6788
2.6176
2.5238
2.5745
2.6379
2.5555
2.5317
2.5255
2.5527
2.6140
2.5982
2.5937
2.7161
2.5242
2.4524
2.3965
2.4013
2.3060
2.2709
2.2085
2.2369
2.2405
2.1990
2.1463
2.1494
2.0532
1.9734
1.8875
1.8520
1.7795
1.7665
1.7570
1.7932
1.8029
1.8166
1.7709
1.7191
1.6365
1.5614
1.4966
1.4383
1.3857
1.3470
1.3035
1.2623
1.2248
1.1957
1.1713
1.1791
1.1971
1.2430
1.2819
1.2971
1.2661
1.2170
1.1522
1.1067
1.0670
1.0391
1.0157
0.9990
0.9726
0.9554
0.9432
0.9326
0.9182
0.9147
0.9143
0.9255
0.9461
0.9766
1.0028
1.0296
1.0261
1.0058
0.9798
0.9645
0.9419
0.9281
0.9169
0.9082
0.9004
0.8966
0.8950
0.8928
0.8928
0.8911
0.8898
0.8917
0.8918
0.8927
0.9003
0.9126
0.9225
0.9348
0.9414
0.9385
0.9302
0.9241
0.9222
0.9201
0.9206
0.9195
0.9182
0.9169
0.9167
0.9146
0.9164
0.9175
0.9170
0.9174
0.9190
0.9179
0.9170
0.9180
0.9200
0.9235
0.9297
0.9365
0.9417
0.9461
0.9474
0.9448
0.9427
0.9445
0.9447
0.9455
0.9470
0.9471
0.9470
0.9487
0.9485
0.9490
0.9515
0.9518
0.9515
0.9538
0.9558
0.9560
0.9571
0.9593
0.9606
0.9603
0.9609
0.9625
0.9658
0.9695
0.9733
0.9770
0.9792
0.9778
0.9740
0.9727
0.9729
0.9725
0.9735
0.9741
0.9734
0.9742
0.9751
0.9743
0.9755
0.9772
0.9761
0.9762
0.9776
0.9772
0.9764
0.9776
0.9791
0.9791
0.9796
0.9809
0.9818
0.9822
0.9828
0.9847
0.9878
0.9905
0.9919
0.9930
0.9925
0.9903
0.9881
0.9880
0.9877
0.9880
0.9879
0.9875
0.9872
0.9877
0.9870
0.9868
0.9878
0.9873
0.9867
0.9876
0.9877
0.9868
0.9868
0.9872
0.9869
0.9865
0.9871
0.9883
0.9892
0.9898
0.9905
0.9909
0.9911
0.9915
0.9935
0.9959
0.9975
0.9987
0.9991
0.9980
0.9961
0.9953
0.9948
0.9945
0.9947
0.9947
0.9945
0.9949
0.9951
0.9947
0.9954
0.9956
0.9952
0.9955
0.9960
0.9956
0.9957
0.9961
0.9964
0.9961
0.9963
0.9966
0.9965
0.9964
0.9965
0.9966
0.9965
0.9964
0.9963
0.9962
0.9962
0.9966
0.9974
0.9976
0.9976
0.9972
0.9964
0.9952
0.9947
0.9943
0.9940
0.9938
0.9933
0.9927
0.9925
0.9922
0.9917
0.9921
0.9928
0.9933
0.9943
0.9953
0.9955
0.9955
0.9957
0.9961
0.9966
0.9974
0.9984
0.9992
0.9997
0.9998
1.0001
1.0003
1.0002
1.0002
1.0005
1.0004
1.0004
1.0007
1.0010
1.0014
1.0018
1.0022
1.0022
1.0022
1.0019
1.0017
1.0014
1.0014
1.0013
1.0014
1.0013
1.0013
1.0014
1.0014
1.0012
1.0011
1.0008
1.0006
1.0005
1.0005
1.0005
1.0007
1.0008
1.0008
1.0007
1.0008
1.0007
1.0006
1.0006
1.0006
1.0004
1.0004
1.0003
1.0004
1.0004
1.0005
1.0006
1.0006
1.0004
1.0004
1.0002
0.9999
0.9997
0.9995
0.9991
0.9988
0.9987
0.9986
0.9987
0.9990
0.9992
0.9993
0.9996
0.9997
0.9999
1.0002
1.0006
1.0007
1.0012
1.0015
1.0018
1.0020
1.0024
1.0026
1.0029
1.0031
1.0034
1.0033
1.0034
1.0036
1.0037
1.0038
1.0041
1.0043
1.0043
1.0045
1.0045
1.0046
1.0046
1.0047
1.0046
1.0047
1.0045
1.0044
1.0044
1.0043
1.0043
1.0043
1.0043
1.0043
1.0042
1.0041
1.0041
1.0041
1.0041
1.0042
1.0043
1.0043
1.0043
1.0044
1.0044
1.0045
1.0046
1.0048
1.0049
1.0052
1.0054
1.0054
1.0054
1.0053
1.0052
1.0051
1.0052
1.0053
1.0054
1.0054
1.0054
1.0055
1.0055
1.0057
1.0058
1.0059
1.0058
1.0059
1.0059
1.0060
1.0060
1.0060
1.0060
1.0061
1.0060
1.0060
1.0061
1.0061
1.0060
1.0062
1.0063
1.0062
1.0062
1.0063
1.0062
1.0061
1.0061
1.0061
1.0060
1.0061
1.0061
1.0062
1.0061
1.0060
1.0060
1.0059
1.0058
1.0058
1.0057
1.0056
1.0056
1.0055
1.0054
1.0054
1.0052
1.0052
1.0052
1.0052
1.0054
1.0055
1.0055
1.0056
1.0057
1.0056
1.0058
1.0059
1.0059
1.0059
1.0060
1.0060
1.0059
1.0060
1.0061
1.0062
1.0061
1.0063
1.0063
1.0063
1.0064
1.0064
1.0064
1.0064
1.0064
1.0063
1.0063
1.0063
1.0064
1.0064
1.0065
1.0066
1.0066
1.0066
1.0067
1.0066
1.0066
1.0066
1.0065
1.0065
1.0065
1.0064
1.0063
1.0063
1.0062
1.0062
1.0063
1.0064
1.0065
1.0065
1.0064
1.0063
1.0063
1.0062
1.0060
1.0059
1.0059
1.0057
1.0056
1.0055
1.0053
1.0051
1.0049
1.0047
1.0045
1.0043
1.0043
1.0043
1.0045
1.0048
1.0049
1.0049
1.0049
1.0048
1.0047
1.0049
1.0050
1.0052
1.0053
1.0054
1.0055
1.0056
1.0057
1.0057
1.0059
1.0059
1.0058
1.0059
1.0059
1.0058
1.0059
1.0059
1.0059
1.0059
1.0060
1.0059
1.0060
1.0060
1.0059
1.0059
1.0059
1.0058
1.0058
1.0058
1.0058
1.0058
1.0057
1.0058
1.0058
1.0057
1.0057
1.0057
1.0056
1.0056
1.0057
1.0057
1.0057
1.0057
1.0058
1.0057
1.0058
1.0057
1.0057
1.0056
1.0056
1.0055
1.0055
1.0055
1.0055
1.0055
1.0055
1.0053
1.0052
1.0050
1.0050
1.0048
1.0049
1.0050
1.0050
1.0050
1.0051
1.0051
1.0051
1.0051
1.0051
1.0052
1.0052
1.0052
1.0052
1.0052
1.0053
1.0053
1.0054
1.0055
1.0055
1.0055
1.0055
1.0055
1.0055
1.0054
1.0054
1.0054
1.0053
1.0053
1.0054
1.0055
1.0055
1.0056
1.0056
1.0057
1.0056
1.0056
1.0055
1.0056
1.0055
1.0055
1.0055
1.0055
1.0055
1.0056
1.0057
1.0057
1.0057
1.0057
1.0056
1.0055
1.0054
1.0054
1.0055
1.0055
1.0057
1.0058
1.0057
1.0056
1.0055
1.0055
1.0054
1.0054
1.0055
1.0056
1.0057
1.0058
1.0058
1.0058
1.0058
1.0057
1.0056
1.0055
1.0054
1.0054
1.0054
1.0053
1.0053
1.0053
1.0052
1.0051
1.0052
1.0052
1.0052
1.0053
1.0054
1.0054
1.0054
1.0054
1.0054
1.0054
1.0054
1.0053
1.0053
1.0054
1.0055
1.0056
1.0057
1.0056
1.0056
1.0056
1.0057
1.0057
1.0058
1.0058
1.0058
1.0057
1.0057
1.0057
1.0056
1.0055
1.0055
1.0055
1.0054
1.0054
1.0054
1.0054
1.0052
1.0051
1.0049
1.0046
1.0043
1.0043
1.0043
1.0045
1.0048
1.0052
1.0053
1.0054
1.0054
1.0054
1.0053
1.0053
1.0053
1.0054
1.0054
1.0054
1.0056
1.0055
1.0056
1.0057
1.0058
1.0058
1.0059
1.0058
1.0059
1.0059
1.0059
1.0059
1.0060
1.0059
1.0059
1.0059
1.0060
1.0060
1.0059
1.0059
1.0060
1.0059
1.0059
1.0060
1.0060
1.0061
1.0061
1.0061
1.0061
1.0062
1.0062
1.0061
1.0061
1.0061
1.0060
1.0060
1.0060
1.0061
1.0062
1.0063
1.0063
1.0064
1.0064
1.0064
1.0064
1.0064
1.0064
1.0064
1.0064
1.0064
1.0063
1.0064
1.0063
1.0064
1.0065
1.0065
1.0066
1.0066
1.0066
1.0066
1.0065
1.0065
1.0065
1.0066
1.0065
1.0066
1.0066
1.0067
1.0067
1.0068
1.0069
1.0069
1.0068
1.0069
1.0068
1.0069
1.0068
1.0068
1.0069
1.0069
1.0068
1.0068
1.0068
1.0067
1.0068
1.0068
1.0069
1.0070
1.0069
1.0069
1.0070
1.0070
1.0070
1.0071
1.0071
1.0071
1.0072
1.0071
1.0071
1.0070
1.0070
1.0070
1.0070
1.0070
1.0070
1.0070
1.0070
1.0070
1.0071
1.0071
1.0071
1.0071
1.0071
1.0072
1.0072
1.0073
1.0072
1.0073
1.0073
1.0073
1.0073
1.0075
1.0075
1.0074
1.0074
1.0074
1.0074
1.0075
1.0075
1.0075
1.0076
1.0076
1.0075
1.0076
1.0076
1.0076
1.0075
1.0075
1.0075
1.0075
1.0075
1.0076
1.0076
1.0076
1.0076
1.0077
1.0077
1.0077
1.0078
1.0077
1.0077
1.0078
1.0079
1.0079
1.0079
1.0080
1.0079
1.0079
1.0078
1.0079
1.0079
1.0080
1.0080
1.0080
1.0081
1.0080
1.0079
1.0079
1.0079
1.0078
1.0079
1.0080
1.0081
1.0083
1.0083
1.0083
1.0083
1.0081
1.0080
1.0080
1.0080
1.0080
1.0081
1.0081
1.0082
1.0083
1.0083
1.0083
1.0082
1.0082
1.0082
1.0082
1.0081
1.0082
1.0082
1.0081
1.0081
1.0081
1.0081
1.0080
1.0080
1.0079
1.0079
1.0078
1.0079
1.0079
1.0080
1.0081
1.0082
1.0083
1.0083
1.0083
1.0082
1.0082
1.0082
1.0082
1.0083
1.0083
1.0084
1.0085
1.0086
1.0085
1.0086
1.0086
1.0086
1.0087
1.0087
1.0088
1.0087
1.0086
1.0086
1.0085
1.0085
1.0085
1.0085
1.0085
1.0086
1.0088
1.0089
1.0091
1.0091
1.0091
1.0091
1.0089
1.0088
1.0086
1.0086
1.0085
1.0086
1.0087
1.0087
1.0088
1.0089
1.0090
1.0091
1.0093
1.0093
1.0093
1.0092
1.0092
1.0091
1.0091
1.0090
1.0090
1.0089
1.0089
1.0089
1.0089
1.0089
1.0090
1.0090
1.0091
1.0091
1.0091
1.0091
1.0091
1.0090
1.0090
1.0091
1.0091
1.0092
1.0092
1.0093
1.0094
1.0094
1.0095
1.0095
1.0094
1.0093
1.0093
1.0092
1.0092
1.0091
1.0092
1.0092
1.0092
1.0093
1.0093
1.0094
1.0094
1.0094
1.0093
1.0094
1.0094
1.0094
1.0095
1.0095
1.0096
1.0095
1.0096
1.0095
1.0094
1.0094
1.0095
1.0095
1.0095
1.0097
1.0097
1.0096
1.0095
1.0096
1.0095
1.0096
1.0096
1.0096
1.0096
1.0097
1.0096
1.0097
1.0097
1.0097
1.0097
1.0097
1.0097
1.0099
1.0099
1.0099
1.0099
1.0098
1.0097
1.0097
1.0097
1.0098
1.0100
1.0100
1.0100
1.0100
1.0101
1.0100
1.0100
1.0100
1.0100
1.0100
1.0101
1.0102
1.0102
1.0103
1.0103
1.0103
1.0104
1.0104
1.0104
1.0105
1.0105
1.0104
1.0104
1.0103
1.0102
1.0102
1.0103
1.0103
1.0104
1.0104
1.0104
1.0104
1.0104
1.0104
1.0105
1.0106
1.0106
1.0105
1.0106
1.0106
1.0106
1.0106
1.0106
1.0107
1.0106
1.0106
1.0107
1.0108
1.0108
1.0108
1.0109
1.0109
1.0108
1.0109
1.0109
1.0109
1.0109
1.0110
1.0110
1.0110
1.0109
1.0110
1.0110
1.0111
1.0112
1.0112
1.0112
1.0112
1.0112
1.0112
1.0112
1.0111
1.0111
1.0111
1.0111
1.0112
1.0112
1.0112
1.0112
1.0113
1.0113
1.0113
1.0114
1.0114
1.0114
1.0115
1.0114
1.0115
1.0115
1.0116
1.0116
1.0117
1.0117
1.0117
1.0117
1.0117
1.0118
1.0118
1.0118
1.0118
1.0118
1.0118
1.0118
1.0118
1.0118
1.0118
1.0119
1.0119
1.0119
1.0119
1.0119
1.0119
1.0119
1.0120
1.0121
1.0121
1.0121
1.0121
1.0121
1.0121
1.0121
1.0122
1.0122
1.0122
1.0121
1.0121
1.0122
1.0122
1.0122
1.0122
1.0123
1.0122
1.0123
1.0123
1.0124
1.0125
1.0125
1.0125
1.0127
1.0127
1.0126
1.0126
1.0125
1.0124
1.0124
1.0125
1.0126
1.0127
1.0126
1.0127
1.0127
1.0126
1.0125
1.0126
1.0126
1.0125
1.0126
1.0126
1.0126
1.0128
1.0129
1.0129
1.0130
1.0130
1.0129
1.0129
1.0130
1.0130
1.0131
1.0131
1.0131
1.0131
1.0131
1.0131
1.0131
1.0131
1.0131
1.0132
1.0132
1.0132
1.0133
1.0134
1.0134
1.0134
1.0135
1.0135
1.0134
1.0134
1.0133
1.0133
1.0132
1.0132
1.0133
1.0134
1.0135
1.0135
1.0136
1.0136
1.0136
1.0136
1.0137
1.0136
1.0136
1.0136
1.0136
1.0136
1.0136
1.0137
1.0137
1.0137
1.0137
1.0137
1.0137
1.0137
1.0138
1.0138
1.0138
1.0138
1.0138
1.0138
1.0138
1.0138
1.0138
1.0139
1.0139
1.0141
1.0141
1.0142
1.0143
1.0143
1.0142
1.0142
1.0142
1.0143
1.0143
1.0143
1.0143
1.0142
1.0142
1.0143
1.0144
1.0145
1.0145
1.0145
1.0144
1.0143
1.0143
1.0143
1.0144
1.0144
1.0145
1.0144
1.0144
1.0143
1.0143
1.0143
1.0144
1.0144
1.0144
1.0143
1.0143
1.0143
1.0144
1.0145
1.0146
1.0147
1.0147
1.0146
1.0146
1.0147
1.0146
1.0145
1.0146
1.0147
1.0146
1.0146
1.0147
1.0147
1.0148
1.0149
1.0150
1.0150
1.0150
1.0149
1.0149
1.0149
1.0150
1.0149
1.0149
1.0150
1.0150
1.0150
1.0151
1.0151
1.0151
1.0151
1.0150
1.0150
1.0151
1.0151
1.0152
1.0154
1.0153
1.0153
1.0152
1.0151
1.0151
1.0152
1.0152
1.0153
1.0153
1.0152
1.0152
1.0152
1.0152
1.0153
1.0154
1.0154
1.0155
1.0154
1.0153
1.0154
1.0154
1.0154
1.0155
1.0155
1.0154
1.0155
1.0156
1.0156
1.0156
1.0156
1.0155
1.0154
1.0154
1.0154
1.0155
1.0154
1.0154
1.0156
1.0157
1.0157
1.0159
1.0160
1.0159
1.0158
1.0159
1.0158
1.0158
1.0157
1.0158
1.0157
1.0157
1.0158
1.0159
1.0159
1.0159
1.0158
1.0158
1.0159
1.0159
1.0160
1.0160
1.0161
1.0161
1.0161
1.0161
1.0161
1.0160
1.0159
1.0158
1.0159
1.0162
1.0162
1.0162
1.0162
1.0162
1.0159
1.0158
1.0159
1.0159
1.0160
1.0160
1.0163
1.0163
1.0163
1.0163
1.0164
1.0163
1.0162
1.0162
1.0163
1.0163
1.0161
1.0163
1.0164
1.0163
1.0164
1.0167
1.0166
1.0166
1.0167
1.0166
1.0165
1.0165
1.0164
1.0164
1.0164
1.0164
1.0165
1.0166
1.0166
1.0166
1.0165
1.0165
1.0164
1.0167
1.0167
1.0168
1.0168
1.0170
1.0167
1.0165
1.0165
1.0166
1.0166
1.0168
1.0170
1.0172
1.0171
1.0169
1.0168
1.0169
1.0168
1.0169
1.0171
1.0171
1.0170
1.0171
1.0170
1.0168
1.0169
1.0171
1.0171
1.0174
1.0175
1.0175
1.0174
1.0173
1.0171
1.0170
1.0171
1.0171
1.0171
1.0171
1.0172
1.0172
1.0173
1.0173
1.0177
1.0178
1.0177
1.0177
1.0176
1.0174
1.0174
1.0174
1.0175
1.0176
1.0175
1.0177
1.0177
1.0177
1.0177
1.0176
1.0174
1.0174
1.0175
1.0176
1.0176
1.0177
1.0177
1.0177
1.0177
1.0178
1.0177
1.0178
1.0177
1.0176
1.0177
1.0176
1.0176
1.0177
1.0178
1.0179
1.0182
1.0180
1.0180
1.0180
1.0180
1.0178
1.0178
1.0179
1.0180
1.0179
1.0180
1.0179
1.0180
1.0180
1.0181
1.0181
1.0181
1.0179
1.0180
1.0178
1.0180
1.0182
1.0184
1.0183
1.0184
1.0183
1.0182
1.0182
1.0184
1.0185
1.0185
1.0184
1.0184
1.0182
1.0182
1.0185
1.0187
1.0188
1.0188
1.0187
1.0184
1.0183
1.0184
1.0185
1.0185
1.0185
1.0186
1.0185
1.0184
1.0185
1.0185
1.0184
1.0186
1.0187
1.0187
1.0187
1.0187
1.0186
1.0185
1.0184
1.0184
1.0185
1.0188
1.0190
1.0191
1.0192
1.0192
1.0191
1.0190
1.0191
1.0191
1.0189
1.0190
1.0189
1.0189
1.0189
1.0192
1.0192
1.0194
1.0194
1.0195
1.0193
1.0193
1.0193
1.0192
1.0191
1.0192
1.0193
1.0193
1.0192
1.0192
1.0193
1.0192
1.0194
1.0194
1.0194
1.0194
1.0194
1.0193
1.0194
1.0194
1.0195
1.0194
1.0194
1.0194
1.0195
1.0194
1.0194
1.0196
1.0198
1.0198
1.0199
1.0200
1.0198
1.0198
1.0200
1.0199
1.0198
1.0200
1.0198
1.0197
1.0198
1.0199
1.0199
1.0200
1.0199
1.0199
1.0200
1.0203
1.0203
1.0205
1.0205
1.0204
1.0201
1.0201
1.0201
1.0202
1.0201
1.0201
1.0202
1.0200
1.0200
1.0201
1.0203
1.0206
1.0209
1.0210
1.0212
1.0210
1.0205
1.0204
1.0203
1.0202
1.0204
1.0205
1.0205
1.0205
1.0207
1.0204
1.0202
1.0200
1.0196
1.0194
1.0195
1.0199
1.0201
1.0205
1.0207
1.0208
1.0207
1.0208
1.0210
1.0209
1.0211
1.0211
1.0210
1.0210
1.0210
1.0211
1.0210
1.0211
1.0209
1.0210
1.0208
1.0208
1.0209
1.0209
1.0208
1.0208
1.0208
1.0207
1.0206
1.0205
1.0208
1.0210
1.0211
1.0213
1.0213
1.0211
1.0209
1.0210
1.0218
1.0220
1.0221
1.0221
1.0221
1.0212
1.0212
1.0213
1.0215
1.0216
1.0217
1.0216
1.0217
1.0217
1.0216
1.0219
1.0218
1.0218
1.0218
1.0215
1.0213
1.0211
1.0213
1.0214
1.0218
1.0218
1.0219
1.0217
1.0217
1.0216
1.0215
1.0215
1.0217
1.0217
1.0218
1.0221
1.0220
1.0218
1.0217
1.0217
1.0216
1.0217
1.0219
1.0219
1.0219
1.0219
1.0219
1.0218
1.0220
1.0219
1.0219
1.0220
1.0222
1.0221
1.0224
1.0222
1.0220
1.0217
1.0215
1.0214
1.0216
1.0217
1.0218
1.0217
1.0216
1.0213
1.0214
1.0215
1.0216
1.0214
1.0216
1.0215
1.0216
1.0216
1.0219
1.0219
1.0222
1.0221
1.0222
1.0221
1.0219
1.0216
1.0217
1.0214
1.0216
1.0219
1.0217
1.0216
1.0213
1.0209
1.0206
1.0205
1.0205
1.0208
1.0210
1.0213
1.0214
1.0219
1.0219
1.0218
1.0227
1.0252
1.0255
1.0283
1.0418
1.1125
1.0383
1.0475
