1.0217
1.0649
1.0349
0.7687
-0.4700
-9.5640
4.1709
3.8109
3.8169
4.1306
4.5292
4.8732
5.1705
4.7756
4.3836
4.8298
4.5334
4.6634
5.4845
5.7635
4.1873
3.8001
3.7084
3.6220
3.3963
3.9491
3.9275
3.7055
3.6668
4.3854
4.0431
5.0990
5.3496
5.9645
3.6402
3.6215
3.2218
3.1186
2.8609
3.1254
3.1374
3.3817
3.3833
3.4639
3.8502
3.9520
3.2923
3.3751
3.2411
2.8671
2.8884
2.9787
2.8168
2.7511
3.0187
2.8042
2.8359
2.8828
2.8675
2.8138
2.9437
2.9668
3.1960
3.2827
3.2232
3.2289
3.2185
3.2115
3.3278
3.3341
3.1179
2.9345
2.8469
2.7133
2.6568
2.7777
2.9142
2.7351
2.8375
2.6649
2.6345
2.5432
2.6509
2.6602
2.6821
2.6560
2.6649
2.6213
2.5401
2.7514
2.7041
2.6683
2.6209
2.6866
2.5975
2.6307
2.7020
2.6624
2.6710
2.6526
2.5896
2.5379
2.6410
2.4898
2.4747
2.5357
2.5940
2.5083
2.6256
2.5285
2.4670
2.4384
2.4047
2.3923
2.4190
2.3344
2.3461
2.3653
2.3102
2.3235
2.3064
2.2135
2.2023
2.1976
2.2132
2.2427
2.2770
2.2221
2.2239
2.1523
2.1577
2.1520
2.1951
2.2532
2.3341
2.3461
2.3421
2.3657
2.2845
2.2717
2.2686
2.2661
2.2431
2.2965
2.2871
2.2617
2.2592
2.3301
2.2609
2.2726
2.2412
2.2689
2.2342
2.2687
2.2992
2.4310
2.4476
2.4109
2.5298
2.5295
2.4238
2.4761
2.6064
2.5845
2.5913
2.7245
2.7694
2.7121
2.4496
2.5012
2.4742
2.4654
2.5017
2.8391
2.6310
2.7492
2.7307
2.6144
2.5796
2.6579
2.5394
2.5277
2.6135
2.5523
2.5891
2.7153
2.7609
2.7152
2.8694
2.8205
2.8160
2.8040
2.7963
2.7551
2.7451
2.6320
2.6778
2.6163
2.5227
2.5738
2.6374
2.5553
2.5321
2.5265
2.5531
2.6141
2.5987
2.5946
2.7171
2.5255
2.4542
2.3981
2.4024
2.3070
2.2718
2.2094
2.2375
2.2413
2.1996
2.1471
2.1499
2.0541
1.9746
1.8885
1.8525
1.7800
1.7669
1.7572
1.7936
1.8035
1.8173
1.7716
1.7192
1.6366
1.5615
1.4966
1.4381
1.3859
1.3473
1.3039
1.2625
1.2250
1.1959
1.1713
1.1791
1.1971
1.2432
1.2820
1.2973
1.2662
1.2170
1.1521
1.1066
1.0668
1.0390
1.0156
0.9990
0.9727
0.9555
0.9432
0.9326
0.9181
0.9145
0.9141
0.9253
0.9460
0.9765
1.0026
1.0294
1.0262
1.0059
0.9798
0.9646
0.9420
0.9281
0.9169
0.9082
0.9003
0.8965
0.8950
0.8928
0.8928
0.8911
0.8898
0.8916
0.8917
0.8927
0.9002
0.9125
0.9224
0.9348
0.9413
0.9385
0.9301
0.9239
0.9220
0.9200
0.9205
0.9195
0.9182
0.9169
0.9166
0.9145
0.9163
0.9174
0.9169
0.9173
0.9189
0.9178
0.9169
0.9180
0.9200
0.9235
0.9297
0.9364
0.9416
0.9461
0.9474
0.9447
0.9427
0.9445
0.9446
0.9455
0.9469
0.9470
0.9469
0.9487
0.9485
0.9490
0.9514
0.9518
0.9514
0.9538
0.9558
0.9560
0.9571
0.9594
0.9607
0.9604
0.9609
0.9625
0.9658
0.9695
0.9733
0.9770
0.9792
0.9778
0.9740
0.9727
0.9728
0.9725
0.9735
0.9741
0.9734
0.9742
0.9751
0.9743
0.9755
0.9772
0.9761
0.9762
0.9776
0.9772
0.9764
0.9776
0.9791
0.9791
0.9795
0.9809
0.9818
0.9822
0.9829
0.9847
0.9878
0.9905
0.9919
0.9930
0.9925
0.9903
0.9880
0.9879
0.9877
0.9880
0.9879
0.9875
0.9872
0.9877
0.9870
0.9868
0.9878
0.9873
0.9867
0.9876
0.9877
0.9868
0.9868
0.9872
0.9869
0.9865
0.9871
0.9883
0.9892
0.9898
0.9905
0.9909
0.9911
0.9915
0.9934
0.9959
0.9975
0.9987
0.9991
0.9980
0.9961
0.9953
0.9948
0.9945
0.9946
0.9946
0.9945
0.9949
0.9951
0.9947
0.9954
0.9956
0.9953
0.9955
0.9960
0.9956
0.9957
0.9961
0.9963
0.9961
0.9963
0.9967
0.9965
0.9964
0.9965
0.9966
0.9965
0.9964
0.9963
0.9962
0.9962
0.9966
0.9974
0.9977
0.9976
0.9972
0.9964
0.9952
0.9947
0.9943
0.9940
0.9938
0.9933
0.9927
0.9925
0.9922
0.9917
0.9922
0.9928
0.9933
0.9943
0.9953
0.9954
0.9954
0.9957
0.9961
0.9966
0.9974
0.9983
0.9991
0.9997
0.9998
1.0001
1.0003
1.0003
1.0003
1.0005
1.0004
1.0004
1.0007
1.0010
1.0014
1.0018
1.0022
1.0022
1.0022
1.0019
1.0016
1.0014
1.0014
1.0013
1.0013
1.0013
1.0013
1.0014
1.0014
1.0012
1.0011
1.0008
1.0006
1.0005
1.0005
1.0005
1.0007
1.0008
1.0008
1.0007
1.0008
1.0007
1.0006
1.0006
1.0006
1.0004
1.0004
1.0003
1.0004
1.0004
1.0005
1.0006
1.0006
1.0004
1.0004
1.0002
0.9999
0.9997
0.9995
0.9991
0.9988
0.9987
0.9986
0.9987
0.9990
0.9992
0.9993
0.9997
0.9997
1.0000
1.0002
1.0006
1.0007
1.0012
1.0015
1.0018
1.0020
1.0024
1.0026
1.0029
1.0031
1.0034
1.0033
1.0034
1.0036
1.0037
1.0038
1.0041
1.0043
1.0043
1.0045
1.0046
1.0046
1.0046
1.0047
1.0046
1.0047
1.0045
1.0045
1.0044
1.0043
1.0043
1.0043
1.0043
1.0042
1.0042
1.0040
1.0041
1.0041
1.0041
1.0042
1.0044
1.0044
1.0043
1.0044
1.0044
1.0045
1.0047
1.0048
1.0050
1.0052
1.0054
1.0054
1.0054
1.0053
1.0052
1.0052
1.0052
1.0053
1.0054
1.0054
1.0054
1.0054
1.0055
1.0057
1.0058
1.0059
1.0058
1.0058
1.0058
1.0059
1.0059
1.0060
1.0060
1.0061
1.0060
1.0060
1.0061
1.0061
1.0060
1.0062
1.0063
1.0062
1.0062
1.0063
1.0062
1.0061
1.0061
1.0061
1.0060
1.0061
1.0061
1.0062
1.0061
1.0060
1.0060
1.0059
1.0058
1.0058
1.0057
1.0056
1.0056
1.0055
1.0054
1.0054
1.0052
1.0052
1.0053
1.0053
1.0054
1.0055
1.0055
1.0056
1.0057
1.0056
1.0058
1.0059
1.0059
1.0059
1.0060
1.0061
1.0059
1.0060
1.0061
1.0062
1.0062
1.0063
1.0063
1.0064
1.0064
1.0064
1.0064
1.0064
1.0064
1.0063
1.0063
1.0064
1.0064
1.0064
1.0065
1.0066
1.0066
1.0066
1.0067
1.0066
1.0066
1.0066
1.0065
1.0065
1.0065
1.0064
1.0063
1.0063
1.0062
1.0063
1.0063
1.0064
1.0065
1.0065
1.0064
1.0063
1.0063
1.0062
1.0060
1.0060
1.0059
1.0058
1.0056
1.0055
1.0053
1.0051
1.0049
1.0047
1.0045
1.0043
1.0043
1.0043
1.0045
1.0048
1.0049
1.0049
1.0049
1.0048
1.0047
1.0049
1.0050
1.0052
1.0053
1.0054
1.0055
1.0056
1.0057
1.0057
1.0059
1.0059
1.0059
1.0059
1.0060
1.0059
1.0059
1.0060
1.0060
1.0059
1.0060
1.0060
1.0060
1.0060
1.0059
1.0059
1.0059
1.0058
1.0058
1.0058
1.0058
1.0058
1.0058
1.0058
1.0058
1.0057
1.0057
1.0057
1.0056
1.0056
1.0057
1.0057
1.0057
1.0057
1.0058
1.0057
1.0058
1.0057
1.0057
1.0057
1.0056
1.0055
1.0055
1.0055
1.0055
1.0055
1.0055
1.0053
1.0052
1.0050
1.0050
1.0048
1.0049
1.0050
1.0050
1.0050
1.0051
1.0051
1.0051
1.0051
1.0052
1.0052
1.0053
1.0053
1.0052
1.0053
1.0053
1.0053
1.0054
1.0055
1.0055
1.0055
1.0055
1.0055
1.0055
1.0055
1.0054
1.0054
1.0054
1.0054
1.0054
1.0055
1.0055
1.0056
1.0056
1.0057
1.0056
1.0056
1.0055
1.0055
1.0055
1.0055
1.0055
1.0055
1.0055
1.0056
1.0057
1.0057
1.0057
1.0057
1.0056
1.0055
1.0054
1.0054
1.0055
1.0055
1.0056
1.0057
1.0057
1.0056
1.0055
1.0054
1.0054
1.0054
1.0055
1.0056
1.0057
1.0058
1.0059
1.0058
1.0058
1.0057
1.0056
1.0055
1.0054
1.0054
1.0054
1.0053
1.0053
1.0053
1.0052
1.0051
1.0052
1.0052
1.0052
1.0053
1.0054
1.0054
1.0054
1.0054
1.0054
1.0054
1.0054
1.0053
1.0053
1.0054
1.0055
1.0056
1.0057
1.0056
1.0056
1.0056
1.0057
1.0057
1.0058
1.0058
1.0058
1.0057
1.0057
1.0056
1.0056
1.0055
1.0055
1.0055
1.0054
1.0054
1.0054
1.0054
1.0052
1.0051
1.0049
1.0047
1.0044
1.0043
1.0043
1.0045
1.0048
1.0052
1.0053
1.0054
1.0054
1.0054
1.0053
1.0053
1.0053
1.0054
1.0054
1.0054
1.0056
1.0056
1.0056
1.0057
1.0058
1.0058
1.0059
1.0058
1.0059
1.0059
1.0059
1.0059
1.0059
1.0059
1.0059
1.0059
1.0060
1.0060
1.0059
1.0060
1.0060
1.0059
1.0059
1.0060
1.0061
1.0061
1.0062
1.0061
1.0061
1.0062
1.0062
1.0061
1.0061
1.0060
1.0060
1.0060
1.0060
1.0061
1.0062
1.0063
1.0063
1.0064
1.0064
1.0064
1.0064
1.0064
1.0064
1.0064
1.0064
1.0064
1.0063
1.0064
1.0063
1.0064
1.0065
1.0066
1.0066
1.0066
1.0066
1.0066
1.0066
1.0065
1.0066
1.0066
1.0065
1.0066
1.0066
1.0067
1.0067
1.0068
1.0069
1.0069
1.0068
1.0068
1.0068
1.0069
1.0068
1.0069
1.0069
1.0069
1.0068
1.0068
1.0068
1.0067
1.0068
1.0068
1.0069
1.0070
1.0069
1.0069
1.0070
1.0070
1.0070
1.0071
1.0071
1.0071
1.0072
1.0071
1.0071
1.0071
1.0071
1.0070
1.0070
1.0070
1.0070
1.0070
1.0070
1.0070
1.0071
1.0071
1.0071
1.0071
1.0071
1.0072
1.0072
1.0073
1.0072
1.0073
1.0073
1.0073
1.0073
1.0075
1.0075
1.0074
1.0074
1.0074
1.0074
1.0075
1.0075
1.0075
1.0076
1.0076
1.0075
1.0076
1.0076
1.0076
1.0075
1.0075
1.0075
1.0075
1.0075
1.0076
1.0076
1.0075
1.0076
1.0077
1.0077
1.0077
1.0079
1.0078
1.0078
1.0079
1.0079
1.0079
1.0079
1.0079
1.0079
1.0079
1.0078
1.0079
1.0079
1.0080
1.0080
1.0080
1.0081
1.0080
1.0080
1.0079
1.0079
1.0079
1.0079
1.0080
1.0082
1.0083
1.0083
1.0083
1.0083
1.0081
1.0080
1.0080
1.0080
1.0081
1.0081
1.0082
1.0083
1.0083
1.0083
1.0083
1.0082
1.0082
1.0082
1.0082
1.0081
1.0082
1.0082
1.0081
1.0081
1.0081
1.0081
1.0080
1.0080
1.0079
1.0079
1.0078
1.0079
1.0079
1.0080
1.0081
1.0083
1.0083
1.0083
1.0083
1.0082
1.0082
1.0082
1.0082
1.0083
1.0083
1.0084
1.0085
1.0086
1.0086
1.0086
1.0086
1.0087
1.0087
1.0088
1.0088
1.0087
1.0087
1.0086
1.0086
1.0085
1.0085
1.0085
1.0085
1.0086
1.0088
1.0089
1.0091
1.0091
1.0091
1.0091
1.0089
1.0088
1.0087
1.0086
1.0085
1.0087
1.0088
1.0087
1.0088
1.0089
1.0090
1.0091
1.0093
1.0093
1.0093
1.0092
1.0092
1.0091
1.0091
1.0090
1.0090
1.0089
1.0089
1.0089
1.0089
1.0089
1.0090
1.0090
1.0091
1.0092
1.0091
1.0091
1.0091
1.0090
1.0090
1.0091
1.0091
1.0092
1.0092
1.0093
1.0094
1.0094
1.0095
1.0095
1.0094
1.0093
1.0093
1.0092
1.0092
1.0091
1.0092
1.0092
1.0092
1.0093
1.0093
1.0094
1.0094
1.0094
1.0093
1.0094
1.0094
1.0095
1.0095
1.0095
1.0096
1.0095
1.0096
1.0095
1.0094
1.0094
1.0095
1.0095
1.0095
1.0097
1.0097
1.0096
1.0095
1.0096
1.0095
1.0096
1.0096
1.0096
1.0097
1.0097
1.0097
1.0097
1.0097
1.0097
1.0097
1.0097
1.0098
1.0099
1.0099
1.0099
1.0099
1.0098
1.0097
1.0097
1.0097
1.0098
1.0100
1.0100
1.0100
1.0101
1.0101
1.0100
1.0100
1.0100
1.0100
1.0100
1.0101
1.0102
1.0102
1.0103
1.0103
1.0103
1.0104
1.0104
1.0104
1.0105
1.0105
1.0104
1.0104
1.0103
1.0102
1.0102
1.0103
1.0103
1.0104
1.0104
1.0104
1.0104
1.0104
1.0104
1.0105
1.0106
1.0106
1.0105
1.0106
1.0106
1.0106
1.0106
1.0107
1.0106
1.0106
1.0106
1.0107
1.0108
1.0108
1.0108
1.0109
1.0109
1.0109
1.0109
1.0109
1.0109
1.0109
1.0110
1.0110
1.0110
1.0110
1.0110
1.0110
1.0111
1.0112
1.0112
1.0112
1.0112
1.0113
1.0113
1.0112
1.0112
1.0111
1.0111
1.0111
1.0112
1.0112
1.0112
1.0113
1.0113
1.0113
1.0113
1.0114
1.0114
1.0114
1.0115
1.0115
1.0115
1.0115
1.0117
1.0116
1.0117
1.0117
1.0117
1.0117
1.0117
1.0118
1.0118
1.0118
1.0119
1.0118
1.0118
1.0118
1.0119
1.0118
1.0119
1.0119
1.0119
1.0119
1.0119
1.0119
1.0119
1.0119
1.0120
1.0121
1.0121
1.0121
1.0121
1.0121
1.0121
1.0121
1.0122
1.0122
1.0122
1.0121
1.0121
1.0122
1.0122
1.0122
1.0123
1.0123
1.0123
1.0123
1.0123
1.0124
1.0125
1.0125
1.0125
1.0127
1.0127
1.0126
1.0126
1.0125
1.0124
1.0124
1.0125
1.0126
1.0127
1.0127
1.0127
1.0127
1.0126
1.0125
1.0126
1.0126
1.0125
1.0126
1.0127
1.0127
1.0128
1.0129
1.0129
1.0130
1.0130
1.0129
1.0129
1.0130
1.0130
1.0131
1.0131
1.0131
1.0131
1.0131
1.0131
1.0131
1.0131
1.0131
1.0132
1.0133
1.0133
1.0134
1.0134
1.0134
1.0134
1.0135
1.0135
1.0135
1.0134
1.0133
1.0133
1.0133
1.0133
1.0133
1.0134
1.0135
1.0135
1.0136
1.0136
1.0136
1.0136
1.0137
1.0136
1.0137
1.0136
1.0136
1.0137
1.0137
1.0137
1.0137
1.0137
1.0137
1.0137
1.0137
1.0138
1.0138
1.0138
1.0138
1.0138
1.0139
1.0138
1.0138
1.0138
1.0138
1.0139
1.0139
1.0141
1.0141
1.0142
1.0143
1.0143
1.0143
1.0142
1.0142
1.0143
1.0143
1.0143
1.0143
1.0142
1.0142
1.0144
1.0144
1.0145
1.0145
1.0145
1.0144
1.0143
1.0143
1.0143
1.0144
1.0144
1.0145
1.0145
1.0144
1.0143
1.0143
1.0143
1.0144
1.0144
1.0144
1.0143
1.0144
1.0143
1.0144
1.0145
1.0147
1.0147
1.0147
1.0147
1.0146
1.0147
1.0146
1.0146
1.0146
1.0147
1.0146
1.0146
1.0147
1.0147
1.0148
1.0149
1.0150
1.0150
1.0150
1.0149
1.0149
1.0149
1.0150
1.0149
1.0150
1.0150
1.0151
1.0150
1.0151
1.0152
1.0151
1.0151
1.0151
1.0151
1.0151
1.0151
1.0153
1.0154
1.0153
1.0153
1.0153
1.0152
1.0151
1.0152
1.0152
1.0154
1.0153
1.0152
1.0152
1.0152
1.0152
1.0153
1.0154
1.0154
1.0155
1.0154
1.0154
1.0154
1.0155
1.0154
1.0155
1.0155
1.0154
1.0155
1.0157
1.0156
1.0156
1.0156
1.0156
1.0154
1.0154
1.0154
1.0155
1.0155
1.0154
1.0156
1.0157
1.0158
1.0159
1.0160
1.0159
1.0158
1.0159
1.0158
1.0158
1.0158
1.0158
1.0157
1.0157
1.0159
1.0159
1.0159
1.0159
1.0158
1.0159
1.0159
1.0160
1.0160
1.0161
1.0161
1.0161
1.0161
1.0161
1.0161
1.0160
1.0160
1.0159
1.0159
1.0162
1.0162
1.0163
1.0163
1.0162
1.0159
1.0159
1.0159
1.0159
1.0160
1.0160
1.0163
1.0163
1.0163
1.0163
1.0164
1.0163
1.0162
1.0162
1.0163
1.0163
1.0161
1.0163
1.0164
1.0163
1.0164
1.0167
1.0166
1.0166
1.0167
1.0167
1.0166
1.0165
1.0165
1.0164
1.0164
1.0164
1.0165
1.0166
1.0166
1.0166
1.0165
1.0165
1.0164
1.0167
1.0168
1.0169
1.0169
1.0170
1.0167
1.0165
1.0165
1.0166
1.0166
1.0168
1.0170
1.0172
1.0171
1.0169
1.0168
1.0169
1.0168
1.0169
1.0171
1.0171
1.0169
1.0171
1.0170
1.0168
1.0169
1.0171
1.0171
1.0174
1.0175
1.0175
1.0175
1.0173
1.0171
1.0170
1.0171
1.0172
1.0172
1.0172
1.0172
1.0173
1.0173
1.0174
1.0177
1.0178
1.0178
1.0178
1.0177
1.0174
1.0174
1.0175
1.0175
1.0176
1.0175
1.0177
1.0177
1.0177
1.0177
1.0176
1.0175
1.0175
1.0175
1.0176
1.0176
1.0177
1.0177
1.0177
1.0177
1.0178
1.0177
1.0178
1.0177
1.0176
1.0177
1.0176
1.0176
1.0177
1.0179
1.0180
1.0182
1.0181
1.0181
1.0180
1.0180
1.0178
1.0178
1.0179
1.0180
1.0179
1.0180
1.0180
1.0180
1.0180
1.0181
1.0181
1.0181
1.0179
1.0181
1.0178
1.0180
1.0182
1.0184
1.0183
1.0185
1.0184
1.0183
1.0182
1.0184
1.0185
1.0185
1.0184
1.0184
1.0182
1.0182
1.0185
1.0187
1.0188
1.0188
1.0187
1.0185
1.0184
1.0184
1.0185
1.0185
1.0185
1.0187
1.0185
1.0184
1.0185
1.0185
1.0184
1.0186
1.0187
1.0187
1.0187
1.0187
1.0186
1.0186
1.0184
1.0184
1.0185
1.0188
1.0190
1.0191
1.0192
1.0192
1.0191
1.0190
1.0191
1.0191
1.0190
1.0190
1.0189
1.0189
1.0190
1.0192
1.0192
1.0194
1.0195
1.0195
1.0193
1.0194
1.0193
1.0193
1.0192
1.0193
1.0194
1.0193
1.0193
1.0193
1.0193
1.0193
1.0195
1.0195
1.0195
1.0195
1.0194
1.0193
1.0194
1.0194
1.0195
1.0195
1.0194
1.0194
1.0195
1.0195
1.0194
1.0197
1.0198
1.0198
1.0199
1.0200
1.0198
1.0198
1.0200
1.0199
1.0199
1.0200
1.0199
1.0197
1.0198
1.0199
1.0199
1.0200
1.0200
1.0199
1.0201
1.0203
1.0203
1.0205
1.0205
1.0204
1.0201
1.0201
1.0201
1.0202
1.0201
1.0201
1.0202
1.0201
1.0200
1.0201
1.0203
1.0206
1.0209
1.0210
1.0212
1.0210
1.0205
1.0204
1.0203
1.0202
1.0204
1.0205
1.0205
1.0206
1.0207
1.0204
1.0202
1.0200
1.0196
1.0194
1.0195
1.0199
1.0201
1.0205
1.0207
1.0208
1.0207
1.0208
1.0210
1.0209
1.0211
1.0211
1.0210
1.0210
1.0210
1.0211
1.0211
1.0211
1.0209
1.0210
1.0209
1.0208
1.0209
1.0209
1.0208
1.0208
1.0209
1.0207
1.0207
1.0206
1.0208
1.0211
1.0211
1.0212
1.0213
1.0211
1.0209
1.0210
1.0218
1.0220
1.0221
1.0221
1.0221
1.0212
1.0213
1.0214
1.0215
1.0216
1.0217
1.0216
1.0217
1.0217
1.0216
1.0219
1.0218
1.0218
1.0218
1.0215
1.0213
1.0212
1.0213
1.0214
1.0218
1.0219
1.0219
1.0217
1.0217
1.0216
1.0215
1.0215
1.0217
1.0217
1.0218
1.0221
1.0220
1.0218
1.0217
1.0217
1.0216
1.0218
1.0220
1.0219
1.0220
1.0220
1.0219
1.0219
1.0221
1.0219
1.0220
1.0220
1.0222
1.0222
1.0224
1.0222
1.0220
1.0217
1.0215
1.0214
1.0217
1.0217
1.0218
1.0217
1.0216
1.0213
1.0214
1.0215
1.0217
1.0215
1.0216
1.0216
1.0217
1.0217
1.0220
1.0220
1.0223
1.0221
1.0223
1.0221
1.0219
1.0216
1.0217
1.0215
1.0216
1.0219
1.0217
1.0216
1.0213
1.0209
1.0206
1.0205
1.0205
1.0209
1.0210
1.0213
1.0214
1.0219
1.0219
1.0217
1.0227
1.0251
1.0255
1.0283
1.0418
1.1128
1.0384
1.0479
