1.0122
1.0370
1.0185
0.8881
0.2751
-4.1782
2.5749
2.3921
2.3873
2.5495
2.7438
2.9130
3.0640
2.8710
2.6764
2.9023
2.7624
2.8229
3.2335
3.3704
2.5886
2.3933
2.3454
2.2968
2.1901
2.4621
2.4545
2.3462
2.3344
2.6944
2.5261
3.0475
3.1689
3.4658
2.3118
2.2988
2.1011
2.0545
1.9276
2.0555
2.0607
2.1848
2.1844
2.2242
2.4150
2.4654
2.1385
2.1786
2.1168
1.9341
1.9465
1.9897
1.9114
1.8767
2.0057
1.8994
1.9171
1.9387
1.9331
1.9094
1.9735
1.9825
2.0949
2.1334
2.0969
2.1020
2.1026
2.0957
2.1554
2.1621
2.0551
1.9631
1.9244
1.8582
1.8295
1.8875
1.9548
1.8657
1.9175
1.8327
1.8173
1.7726
1.8265
1.8299
1.8432
1.8306
1.8331
1.8107
1.7711
1.8711
1.8472
1.8307
1.8078
1.8388
1.7991
1.8161
1.8512
1.8321
1.8357
1.8255
1.7950
1.7707
1.8202
1.7494
1.7424
1.7751
1.8024
1.7579
1.8127
1.7636
1.7320
1.7172
1.7038
1.6978
1.7098
1.6680
1.6757
1.6845
1.6596
1.6646
1.6570
1.6120
1.6078
1.6050
1.6146
1.6287
1.6456
1.6175
1.6167
1.5849
1.5873
1.5817
1.6023
1.6298
1.6670
1.6737
1.6749
1.6852
1.6473
1.6395
1.6364
1.6334
1.6234
1.6462
1.6422
1.6312
1.6316
1.6661
1.6363
1.6408
1.6276
1.6409
1.6220
1.6384
1.6547
1.7162
1.7239
1.7080
1.7674
1.7676
1.7167
1.7417
1.8020
1.7894
1.7916
1.8551
1.8773
1.8528
1.7256
1.7506
1.7378
1.7358
1.7545
1.9161
1.8115
1.8681
1.8512
1.7937
1.7791
1.8209
1.7628
1.7614
1.8010
1.7699
1.7874
1.8498
1.8731
1.8518
1.9252
1.9009
1.8982
1.8882
1.8867
1.8668
1.8645
1.8115
1.8385
1.8108
1.7704
1.7934
1.8210
1.7775
1.7614
1.7541
1.7648
1.7938
1.7840
1.7831
1.8397
1.7477
1.7133
1.6863
1.6896
1.6454
1.6303
1.5999
1.6136
1.6123
1.5908
1.5615
1.5610
1.5150
1.4755
1.4337
1.4150
1.3813
1.3737
1.3699
1.3854
1.3901
1.3958
1.3748
1.3490
1.3092
1.2753
1.2419
1.2133
1.1873
1.1689
1.1462
1.1278
1.1095
1.0955
1.0841
1.0902
1.0992
1.1216
1.1427
1.1511
1.1331
1.1080
1.0762
1.0547
1.0356
1.0228
1.0120
1.0046
0.9914
0.9827
0.9764
0.9712
0.9639
0.9623
0.9630
0.9699
0.9807
0.9969
1.0096
1.0225
1.0195
1.0095
0.9960
0.9886
0.9776
0.9711
0.9659
0.9622
0.9585
0.9567
0.9558
0.9546
0.9543
0.9533
0.9527
0.9539
0.9543
0.9550
0.9594
0.9659
0.9705
0.9763
0.9792
0.9774
0.9728
0.9697
0.9687
0.9678
0.9681
0.9676
0.9672
0.9667
0.9666
0.9654
0.9665
0.9669
0.9661
0.9662
0.9670
0.9661
0.9657
0.9666
0.9679
0.9699
0.9735
0.9768
0.9792
0.9808
0.9805
0.9783
0.9768
0.9777
0.9776
0.9778
0.9783
0.9781
0.9779
0.9788
0.9785
0.9787
0.9801
0.9801
0.9797
0.9810
0.9819
0.9817
0.9821
0.9835
0.9841
0.9838
0.9840
0.9849
0.9866
0.9888
0.9908
0.9925
0.9933
0.9918
0.9891
0.9881
0.9883
0.9879
0.9884
0.9886
0.9881
0.9886
0.9889
0.9883
0.9890
0.9900
0.9891
0.9891
0.9900
0.9896
0.9889
0.9896
0.9904
0.9902
0.9903
0.9910
0.9915
0.9916
0.9919
0.9930
0.9949
0.9964
0.9969
0.9974
0.9968
0.9951
0.9935
0.9936
0.9935
0.9937
0.9937
0.9934
0.9932
0.9935
0.9930
0.9928
0.9935
0.9931
0.9928
0.9934
0.9936
0.9931
0.9933
0.9936
0.9936
0.9934
0.9938
0.9945
0.9948
0.9949
0.9952
0.9954
0.9955
0.9959
0.9971
0.9984
0.9991
0.9995
0.9995
0.9986
0.9974
0.9970
0.9967
0.9965
0.9966
0.9966
0.9965
0.9968
0.9970
0.9967
0.9971
0.9972
0.9969
0.9971
0.9975
0.9973
0.9973
0.9976
0.9977
0.9975
0.9976
0.9977
0.9976
0.9975
0.9976
0.9976
0.9976
0.9976
0.9976
0.9975
0.9976
0.9979
0.9983
0.9984
0.9983
0.9980
0.9974
0.9968
0.9965
0.9964
0.9963
0.9963
0.9961
0.9959
0.9959
0.9958
0.9956
0.9959
0.9962
0.9964
0.9969
0.9973
0.9974
0.9974
0.9975
0.9977
0.9978
0.9980
0.9985
0.9989
0.9991
0.9992
0.9995
0.9995
0.9994
0.9993
0.9995
0.9994
0.9994
0.9996
0.9998
0.9999
1.0001
1.0003
1.0002
1.0003
1.0001
1.0000
0.9999
0.9999
0.9999
0.9999
0.9999
0.9999
0.9999
0.9999
0.9998
0.9996
0.9994
0.9992
0.9992
0.9992
0.9993
0.9994
0.9995
0.9995
0.9995
0.9996
0.9996
0.9995
0.9995
0.9995
0.9994
0.9994
0.9994
0.9994
0.9994
0.9994
0.9995
0.9995
0.9994
0.9995
0.9994
0.9992
0.9992
0.9991
0.9988
0.9987
0.9986
0.9985
0.9986
0.9987
0.9988
0.9989
0.9991
0.9991
0.9992
0.9994
0.9995
0.9995
0.9998
1.0000
1.0002
1.0002
1.0004
1.0005
1.0005
1.0006
1.0008
1.0008
1.0007
1.0009
1.0010
1.0010
1.0011
1.0012
1.0012
1.0013
1.0013
1.0013
1.0013
1.0013
1.0013
1.0014
1.0013
1.0012
1.0012
1.0012
1.0012
1.0012
1.0013
1.0013
1.0012
1.0011
1.0012
1.0011
1.0011
1.0012
1.0013
1.0012
1.0013
1.0013
1.0013
1.0013
1.0014
1.0014
1.0015
1.0016
1.0018
1.0018
1.0018
1.0017
1.0017
1.0016
1.0016
1.0016
1.0015
1.0016
1.0016
1.0016
1.0017
1.0019
1.0020
1.0021
1.0019
1.0019
1.0019
1.0019
1.0018
1.0019
1.0019
1.0019
1.0019
1.0019
1.0020
1.0020
1.0019
1.0020
1.0021
1.0020
1.0020
1.0020
1.0020
1.0019
1.0019
1.0019
1.0018
1.0019
1.0019
1.0020
1.0019
1.0018
1.0018
1.0018
1.0017
1.0017
1.0017
1.0017
1.0017
1.0017
1.0016
1.0015
1.0014
1.0014
1.0014
1.0015
1.0016
1.0016
1.0016
1.0016
1.0016
1.0015
1.0016
1.0017
1.0017
1.0018
1.0018
1.0019
1.0018
1.0017
1.0018
1.0018
1.0018
1.0018
1.0019
1.0020
1.0019
1.0020
1.0020
1.0019
1.0019
1.0018
1.0018
1.0018
1.0018
1.0018
1.0019
1.0020
1.0021
1.0021
1.0021
1.0020
1.0020
1.0019
1.0019
1.0019
1.0019
1.0019
1.0018
1.0018
1.0018
1.0018
1.0019
1.0019
1.0019
1.0020
1.0019
1.0019
1.0018
1.0018
1.0016
1.0016
1.0016
1.0015
1.0014
1.0014
1.0013
1.0012
1.0011
1.0011
1.0010
1.0010
1.0009
1.0009
1.0009
1.0010
1.0010
1.0010
1.0010
1.0010
1.0010
1.0011
1.0011
1.0011
1.0012
1.0012
1.0012
1.0012
1.0012
1.0012
1.0013
1.0013
1.0014
1.0014
1.0015
1.0015
1.0015
1.0014
1.0014
1.0013
1.0013
1.0013
1.0013
1.0013
1.0013
1.0013
1.0013
1.0012
1.0012
1.0012
1.0012
1.0012
1.0012
1.0013
1.0012
1.0012
1.0011
1.0011
1.0011
1.0011
1.0011
1.0012
1.0012
1.0012
1.0012
1.0011
1.0012
1.0012
1.0012
1.0011
1.0011
1.0010
1.0010
1.0009
1.0010
1.0009
1.0009
1.0009
1.0008
1.0007
1.0006
1.0005
1.0006
1.0006
1.0006
1.0006
1.0007
1.0006
1.0007
1.0006
1.0007
1.0007
1.0007
1.0007
1.0007
1.0007
1.0008
1.0008
1.0008
1.0008
1.0009
1.0008
1.0008
1.0008
1.0008
1.0007
1.0007
1.0007
1.0007
1.0007
1.0006
1.0007
1.0007
1.0008
1.0008
1.0009
1.0008
1.0009
1.0008
1.0008
1.0008
1.0008
1.0008
1.0008
1.0008
1.0008
1.0009
1.0009
1.0008
1.0008
1.0008
1.0007
1.0006
1.0006
1.0006
1.0006
1.0006
1.0007
1.0007
1.0007
1.0006
1.0005
1.0005
1.0006
1.0006
1.0007
1.0008
1.0008
1.0009
1.0009
1.0008
1.0008
1.0007
1.0007
1.0006
1.0006
1.0005
1.0005
1.0004
1.0004
1.0003
1.0002
1.0003
1.0003
1.0003
1.0004
1.0004
1.0004
1.0004
1.0004
1.0004
1.0003
1.0003
1.0003
1.0003
1.0003
1.0004
1.0004
1.0004
1.0004
1.0005
1.0004
1.0005
1.0005
1.0005
1.0005
1.0005
1.0004
1.0004
1.0003
1.0003
1.0004
1.0004
1.0004
1.0004
1.0004
1.0003
1.0003
1.0002
1.0002
1.0001
1.0000
0.9999
0.9998
0.9998
0.9999
0.9999
1.0001
1.0001
1.0002
1.0002
1.0002
1.0002
1.0002
1.0002
1.0003
1.0002
1.0002
1.0002
1.0002
1.0002
1.0002
1.0002
1.0002
1.0002
1.0002
1.0002
1.0003
1.0004
1.0003
1.0003
1.0003
1.0002
1.0002
1.0003
1.0002
1.0002
1.0002
1.0002
1.0002
1.0002
1.0003
1.0003
1.0003
1.0003
1.0003
1.0003
1.0003
1.0003
1.0003
1.0003
1.0002
1.0002
1.0001
1.0002
1.0002
1.0002
1.0003
1.0004
1.0004
1.0004
1.0004
1.0004
1.0004
1.0003
1.0003
1.0003
1.0002
1.0002
1.0002
1.0003
1.0003
1.0004
1.0004
1.0004
1.0004
1.0004
1.0004
1.0003
1.0003
1.0003
1.0003
1.0003
1.0004
1.0004
1.0004
1.0004
1.0005
1.0005
1.0005
1.0005
1.0005
1.0004
1.0004
1.0004
1.0004
1.0004
1.0004
1.0004
1.0004
1.0003
1.0003
1.0003
1.0003
1.0003
1.0003
1.0003
1.0003
1.0003
1.0003
1.0004
1.0004
1.0005
1.0004
1.0005
1.0004
1.0004
1.0004
1.0004
1.0004
1.0003
1.0003
1.0002
1.0002
1.0002
1.0002
1.0003
1.0003
1.0003
1.0003
1.0003
1.0003
1.0003
1.0004
1.0003
1.0003
1.0003
1.0003
1.0003
1.0004
1.0004
1.0004
1.0004
1.0004
1.0004
1.0004
1.0004
1.0004
1.0004
1.0004
1.0004
1.0004
1.0004
1.0004
1.0003
1.0004
1.0004
1.0003
1.0003
1.0004
1.0003
1.0003
1.0004
1.0004
1.0003
1.0004
1.0005
1.0005
1.0005
1.0005
1.0005
1.0005
1.0005
1.0005
1.0005
1.0004
1.0004
1.0004
1.0004
1.0004
1.0004
1.0004
1.0004
1.0004
1.0003
1.0003
1.0003
1.0002
1.0003
1.0004
1.0005
1.0006
1.0006
1.0006
1.0005
1.0004
1.0004
1.0003
1.0003
1.0003
1.0004
1.0004
1.0005
1.0005
1.0005
1.0004
1.0003
1.0003
1.0003
1.0004
1.0003
1.0003
1.0003
1.0003
1.0003
1.0003
1.0003
1.0003
1.0003
1.0002
1.0003
1.0002
1.0002
1.0003
1.0003
1.0004
1.0004
1.0004
1.0003
1.0003
1.0002
1.0003
1.0003
1.0003
1.0003
1.0003
1.0003
1.0004
1.0004
1.0004
1.0004
1.0005
1.0005
1.0005
1.0005
1.0005
1.0005
1.0004
1.0003
1.0003
1.0002
1.0001
1.0002
1.0002
1.0002
1.0004
1.0005
1.0006
1.0006
1.0006
1.0005
1.0004
1.0003
1.0002
1.0002
1.0001
1.0002
1.0002
1.0002
1.0002
1.0003
1.0004
1.0005
1.0006
1.0006
1.0005
1.0005
1.0005
1.0004
1.0004
1.0004
1.0004
1.0003
1.0003
1.0002
1.0002
1.0002
1.0002
1.0003
1.0003
1.0003
1.0003
1.0003
1.0003
1.0003
1.0003
1.0003
1.0003
1.0003
1.0003
1.0003
1.0004
1.0004
1.0005
1.0005
1.0004
1.0004
1.0003
1.0003
1.0002
1.0001
1.0001
1.0002
1.0002
1.0002
1.0002
1.0003
1.0003
1.0003
1.0003
1.0003
1.0003
1.0003
1.0003
1.0003
1.0003
1.0003
1.0003
1.0002
1.0002
1.0002
1.0002
1.0002
1.0002
1.0003
1.0003
1.0003
1.0003
1.0003
1.0003
1.0003
1.0003
1.0002
1.0003
1.0003
1.0002
1.0002
1.0003
1.0003
1.0002
1.0003
1.0003
1.0003
1.0003
1.0003
1.0003
1.0003
1.0002
1.0002
1.0002
1.0002
1.0003
1.0003
1.0004
1.0004
1.0003
1.0002
1.0002
1.0002
1.0002
1.0003
1.0003
1.0004
1.0004
1.0004
1.0004
1.0004
1.0004
1.0004
1.0004
1.0005
1.0005
1.0004
1.0004
1.0003
1.0003
1.0003
1.0003
1.0003
1.0003
1.0003
1.0003
1.0003
1.0003
1.0003
1.0003
1.0004
1.0004
1.0004
1.0004
1.0004
1.0004
1.0003
1.0004
1.0004
1.0004
1.0004
1.0004
1.0005
1.0005
1.0004
1.0005
1.0005
1.0005
1.0005
1.0005
1.0005
1.0004
1.0004
1.0005
1.0004
1.0004
1.0004
1.0005
1.0005
1.0006
1.0006
1.0006
1.0005
1.0005
1.0005
1.0005
1.0004
1.0004
1.0003
1.0004
1.0004
1.0003
1.0004
1.0004
1.0004
1.0004
1.0005
1.0005
1.0005
1.0005
1.0005
1.0005
1.0005
1.0005
1.0005
1.0005
1.0006
1.0005
1.0006
1.0005
1.0005
1.0005
1.0006
1.0005
1.0006
1.0005
1.0006
1.0005
1.0006
1.0006
1.0006
1.0005
1.0005
1.0004
1.0004
1.0005
1.0005
1.0006
1.0006
1.0007
1.0007
1.0007
1.0006
1.0007
1.0006
1.0006
1.0006
1.0006
1.0006
1.0006
1.0006
1.0007
1.0006
1.0006
1.0006
1.0006
1.0006
1.0007
1.0006
1.0007
1.0007
1.0007
1.0007
1.0008
1.0008
1.0008
1.0008
1.0008
1.0007
1.0007
1.0007
1.0008
1.0007
1.0007
1.0007
1.0007
1.0006
1.0006
1.0007
1.0006
1.0006
1.0006
1.0007
1.0007
1.0008
1.0008
1.0008
1.0008
1.0008
1.0008
1.0008
1.0008
1.0008
1.0008
1.0008
1.0008
1.0008
1.0008
1.0007
1.0008
1.0008
1.0008
1.0008
1.0009
1.0009
1.0009
1.0009
1.0009
1.0009
1.0009
1.0009
1.0009
1.0008
1.0008
1.0007
1.0007
1.0007
1.0008
1.0009
1.0010
1.0010
1.0010
1.0010
1.0009
1.0009
1.0009
1.0009
1.0009
1.0009
1.0009
1.0009
1.0010
1.0010
1.0009
1.0009
1.0010
1.0009
1.0009
1.0009
1.0009
1.0009
1.0008
1.0008
1.0009
1.0009
1.0008
1.0009
1.0009
1.0009
1.0009
1.0010
1.0011
1.0011
1.0011
1.0011
1.0010
1.0010
1.0010
1.0010
1.0010
1.0010
1.0010
1.0010
1.0010
1.0010
1.0010
1.0010
1.0010
1.0009
1.0009
1.0009
1.0009
1.0010
1.0010
1.0009
1.0010
1.0010
1.0010
1.0009
1.0009
1.0009
1.0009
1.0009
1.0008
1.0008
1.0008
1.0007
1.0008
1.0009
1.0009
1.0009
1.0009
1.0009
1.0009
1.0010
1.0010
1.0010
1.0010
1.0010
1.0010
1.0009
1.0009
1.0009
1.0010
1.0011
1.0011
1.0011
1.0011
1.0010
1.0010
1.0010
1.0010
1.0010
1.0010
1.0011
1.0011
1.0011
1.0011
1.0011
1.0010
1.0010
1.0010
1.0010
1.0011
1.0010
1.0011
1.0011
1.0011
1.0011
1.0011
1.0011
1.0011
1.0012
1.0012
1.0012
1.0011
1.0010
1.0010
1.0009
1.0009
1.0010
1.0010
1.0011
1.0011
1.0011
1.0010
1.0010
1.0010
1.0010
1.0010
1.0010
1.0010
1.0011
1.0011
1.0011
1.0011
1.0011
1.0010
1.0010
1.0009
1.0010
1.0010
1.0010
1.0010
1.0011
1.0011
1.0011
1.0012
1.0013
1.0012
1.0012
1.0012
1.0012
1.0011
1.0010
1.0011
1.0011
1.0010
1.0012
1.0012
1.0012
1.0012
1.0011
1.0011
1.0011
1.0011
1.0011
1.0011
1.0012
1.0011
1.0011
1.0011
1.0011
1.0011
1.0010
1.0010
1.0011
1.0012
1.0012
1.0012
1.0012
1.0012
1.0010
1.0009
1.0009
1.0009
1.0009
1.0010
1.0011
1.0011
1.0011
1.0011
1.0012
1.0011
1.0010
1.0011
1.0011
1.0011
1.0010
1.0012
1.0012
1.0012
1.0012
1.0014
1.0013
1.0013
1.0013
1.0013
1.0012
1.0011
1.0011
1.0010
1.0011
1.0011
1.0011
1.0012
1.0011
1.0011
1.0011
1.0011
1.0010
1.0009
1.0010
1.0010
1.0010
1.0010
1.0011
1.0010
1.0010
1.0010
1.0011
1.0012
1.0013
1.0014
1.0013
1.0013
1.0012
1.0012
1.0011
1.0011
1.0012
1.0013
1.0012
1.0013
1.0013
1.0012
1.0012
1.0013
1.0013
1.0014
1.0015
1.0015
1.0014
1.0013
1.0012
1.0011
1.0011
1.0012
1.0012
1.0012
1.0012
1.0012
1.0013
1.0013
1.0015
1.0015
1.0015
1.0015
1.0014
1.0013
1.0013
1.0013
1.0013
1.0014
1.0014
1.0015
1.0015
1.0014
1.0014
1.0014
1.0012
1.0012
1.0012
1.0013
1.0013
1.0014
1.0013
1.0013
1.0013
1.0014
1.0013
1.0014
1.0013
1.0013
1.0013
1.0012
1.0012
1.0013
1.0014
1.0014
1.0016
1.0016
1.0015
1.0015
1.0016
1.0014
1.0014
1.0014
1.0014
1.0013
1.0014
1.0013
1.0014
1.0014
1.0014
1.0013
1.0014
1.0012
1.0014
1.0013
1.0014
1.0014
1.0016
1.0015
1.0015
1.0015
1.0014
1.0014
1.0014
1.0015
1.0015
1.0015
1.0015
1.0015
1.0014
1.0016
1.0017
1.0017
1.0016
1.0016
1.0016
1.0015
1.0016
1.0015
1.0015
1.0015
1.0016
1.0015
1.0015
1.0015
1.0014
1.0014
1.0014
1.0014
1.0015
1.0015
1.0014
1.0014
1.0013
1.0012
1.0012
1.0013
1.0015
1.0016
1.0017
1.0018
1.0018
1.0017
1.0017
1.0017
1.0016
1.0014
1.0014
1.0013
1.0013
1.0014
1.0016
1.0016
1.0017
1.0017
1.0018
1.0016
1.0017
1.0016
1.0016
1.0015
1.0016
1.0016
1.0016
1.0016
1.0017
1.0017
1.0016
1.0017
1.0016
1.0017
1.0017
1.0016
1.0016
1.0016
1.0016
1.0017
1.0017
1.0016
1.0016
1.0016
1.0016
1.0015
1.0017
1.0018
1.0018
1.0019
1.0019
1.0018
1.0017
1.0019
1.0018
1.0018
1.0018
1.0018
1.0017
1.0018
1.0018
1.0018
1.0019
1.0018
1.0018
1.0019
1.0020
1.0019
1.0021
1.0020
1.0020
1.0019
1.0019
1.0018
1.0019
1.0018
1.0018
1.0018
1.0017
1.0018
1.0018
1.0020
1.0022
1.0023
1.0024
1.0025
1.0023
1.0020
1.0019
1.0018
1.0017
1.0018
1.0019
1.0019
1.0020
1.0021
1.0019
1.0018
1.0016
1.0013
1.0012
1.0013
1.0015
1.0017
1.0020
1.0022
1.0021
1.0020
1.0021
1.0021
1.0020
1.0022
1.0023
1.0021
1.0022
1.0021
1.0022
1.0022
1.0022
1.0022
1.0022
1.0021
1.0021
1.0022
1.0021
1.0021
1.0021
1.0020
1.0019
1.0019
1.0018
1.0019
1.0021
1.0020
1.0021
1.0022
1.0020
1.0019
1.0020
1.0024
1.0025
1.0026
1.0026
1.0026
1.0022
1.0021
1.0021
1.0021
1.0022
1.0023
1.0023
1.0024
1.0024
1.0024
1.0024
1.0024
1.0023
1.0024
1.0022
1.0020
1.0020
1.0021
1.0020
1.0023
1.0024
1.0024
1.0024
1.0024
1.0023
1.0022
1.0022
1.0023
1.0023
1.0025
1.0026
1.0025
1.0023
1.0022
1.0022
1.0021
1.0021
1.0023
1.0023
1.0023
1.0023
1.0023
1.0023
1.0025
1.0023
1.0023
1.0023
1.0024
1.0023
1.0025
1.0024
1.0024
1.0022
1.0022
1.0021
1.0021
1.0021
1.0021
1.0021
1.0020
1.0018
1.0019
1.0020
1.0021
1.0021
1.0022
1.0021
1.0022
1.0021
1.0022
1.0022
1.0023
1.0023
1.0024
1.0023
1.0023
1.0022
1.0022
1.0020
1.0021
1.0022
1.0021
1.0020
1.0018
1.0016
1.0015
1.0014
1.0014
1.0014
1.0015
1.0016
1.0017
1.0020
1.0021
1.0020
1.0025
1.0038
1.0039
1.0054
1.0123
1.0460
1.0224
1.0262
