1.0122
1.0369
1.0185
0.8880
0.2742
-4.2180
2.5688
2.3867
2.3808
2.5398
2.7351
2.9015
3.0522
2.8608
2.6679
2.8898
2.7505
2.8107
3.2195
3.3565
2.5817
2.3879
2.3415
2.2926
2.1869
2.4572
2.4505
2.3390
2.3262
2.6819
2.5164
3.0294
3.1526
3.4490
2.3051
2.2914
2.0966
2.0517
1.9254
2.0527
2.0585
2.1801
2.1773
2.2155
2.4051
2.4545
2.1326
2.1738
2.1121
1.9291
1.9416
1.9834
1.9051
1.8720
2.0010
1.8952
1.9134
1.9357
1.9300
1.9069
1.9716
1.9816
2.0933
2.1308
2.0936
2.0990
2.0985
2.0919
2.1501
2.1578
2.0494
1.9583
1.9200
1.8551
1.8256
1.8842
1.9507
1.8622
1.9136
1.8300
1.8145
1.7698
1.8230
1.8264
1.8391
1.8270
1.8301
1.8079
1.7689
1.8688
1.8443
1.8278
1.8051
1.8358
1.7959
1.8126
1.8467
1.8273
1.8313
1.8211
1.7915
1.7675
1.8170
1.7459
1.7391
1.7703
1.7982
1.7543
1.8098
1.7613
1.7305
1.7153
1.7015
1.6954
1.7078
1.6657
1.6735
1.6823
1.6569
1.6608
1.6541
1.6093
1.6053
1.6025
1.6127
1.6265
1.6440
1.6158
1.6152
1.5833
1.5858
1.5801
1.6009
1.6283
1.6660
1.6725
1.6732
1.6832
1.6454
1.6377
1.6349
1.6321
1.6224
1.6457
1.6415
1.6297
1.6298
1.6643
1.6339
1.6382
1.6251
1.6382
1.6192
1.6354
1.6514
1.7123
1.7204
1.7048
1.7646
1.7650
1.7146
1.7392
1.7992
1.7865
1.7883
1.8511
1.8737
1.8486
1.7220
1.7473
1.7340
1.7317
1.7510
1.9117
1.8076
1.8646
1.8489
1.7908
1.7761
1.8182
1.7606
1.7588
1.7992
1.7687
1.7863
1.8483
1.8711
1.8488
1.9215
1.8967
1.8950
1.8858
1.8852
1.8648
1.8628
1.8094
1.8360
1.8081
1.7679
1.7903
1.8177
1.7744
1.7585
1.7502
1.7616
1.7903
1.7806
1.7789
1.8358
1.7443
1.7101
1.6836
1.6873
1.6433
1.6278
1.5979
1.6115
1.6107
1.5899
1.5609
1.5604
1.5141
1.4741
1.4322
1.4140
1.3802
1.3728
1.3690
1.3848
1.3891
1.3946
1.3736
1.3483
1.3087
1.2750
1.2418
1.2133
1.1874
1.1688
1.1461
1.1277
1.1096
1.0954
1.0840
1.0902
1.0991
1.1213
1.1423
1.1507
1.1327
1.1078
1.0762
1.0549
1.0360
1.0233
1.0125
1.0051
0.9918
0.9830
0.9765
0.9712
0.9639
0.9624
0.9631
0.9700
0.9808
0.9968
1.0094
1.0221
1.0193
1.0093
0.9960
0.9886
0.9776
0.9711
0.9658
0.9621
0.9585
0.9568
0.9559
0.9547
0.9544
0.9534
0.9528
0.9540
0.9545
0.9551
0.9595
0.9659
0.9705
0.9763
0.9791
0.9773
0.9727
0.9697
0.9688
0.9679
0.9682
0.9677
0.9673
0.9668
0.9666
0.9655
0.9665
0.9669
0.9662
0.9663
0.9671
0.9662
0.9658
0.9667
0.9681
0.9701
0.9736
0.9769
0.9793
0.9809
0.9805
0.9783
0.9769
0.9778
0.9776
0.9779
0.9784
0.9782
0.9780
0.9789
0.9786
0.9788
0.9802
0.9801
0.9797
0.9810
0.9819
0.9817
0.9821
0.9835
0.9841
0.9838
0.9841
0.9849
0.9867
0.9888
0.9908
0.9925
0.9934
0.9918
0.9891
0.9882
0.9884
0.9880
0.9885
0.9887
0.9881
0.9886
0.9889
0.9883
0.9891
0.9901
0.9892
0.9892
0.9901
0.9896
0.9889
0.9896
0.9904
0.9902
0.9903
0.9910
0.9915
0.9916
0.9919
0.9930
0.9950
0.9964
0.9970
0.9974
0.9969
0.9951
0.9936
0.9936
0.9935
0.9937
0.9938
0.9935
0.9933
0.9935
0.9930
0.9929
0.9935
0.9931
0.9928
0.9935
0.9936
0.9931
0.9933
0.9936
0.9936
0.9935
0.9939
0.9945
0.9949
0.9949
0.9952
0.9954
0.9955
0.9959
0.9971
0.9984
0.9991
0.9995
0.9995
0.9987
0.9975
0.9971
0.9968
0.9965
0.9967
0.9966
0.9966
0.9969
0.9970
0.9967
0.9971
0.9972
0.9969
0.9971
0.9975
0.9973
0.9973
0.9976
0.9977
0.9975
0.9976
0.9977
0.9976
0.9975
0.9976
0.9977
0.9977
0.9977
0.9976
0.9976
0.9976
0.9979
0.9983
0.9984
0.9983
0.9980
0.9974
0.9968
0.9965
0.9964
0.9963
0.9963
0.9961
0.9959
0.9959
0.9958
0.9956
0.9959
0.9962
0.9964
0.9969
0.9974
0.9974
0.9974
0.9976
0.9977
0.9978
0.9980
0.9985
0.9989
0.9991
0.9992
0.9995
0.9995
0.9994
0.9993
0.9995
0.9994
0.9994
0.9996
0.9997
0.9999
1.0001
1.0003
1.0002
1.0003
1.0001
1.0000
0.9999
0.9999
0.9999
0.9999
0.9999
0.9999
0.9999
0.9999
0.9998
0.9996
0.9994
0.9993
0.9993
0.9993
0.9993
0.9994
0.9995
0.9995
0.9995
0.9996
0.9996
0.9996
0.9995
0.9995
0.9994
0.9994
0.9994
0.9994
0.9994
0.9994
0.9995
0.9995
0.9994
0.9995
0.9994
0.9992
0.9991
0.9991
0.9988
0.9987
0.9986
0.9985
0.9986
0.9987
0.9988
0.9989
0.9991
0.9991
0.9992
0.9994
0.9996
0.9996
0.9998
1.0000
1.0002
1.0002
1.0004
1.0005
1.0006
1.0006
1.0008
1.0008
1.0007
1.0009
1.0010
1.0010
1.0011
1.0013
1.0013
1.0013
1.0013
1.0013
1.0013
1.0013
1.0013
1.0014
1.0014
1.0013
1.0012
1.0012
1.0012
1.0012
1.0013
1.0013
1.0012
1.0011
1.0012
1.0011
1.0011
1.0012
1.0013
1.0012
1.0013
1.0013
1.0013
1.0013
1.0014
1.0014
1.0015
1.0016
1.0018
1.0018
1.0018
1.0017
1.0017
1.0016
1.0016
1.0016
1.0016
1.0016
1.0016
1.0017
1.0018
1.0019
1.0020
1.0020
1.0019
1.0019
1.0019
1.0018
1.0018
1.0019
1.0019
1.0019
1.0019
1.0019
1.0020
1.0020
1.0020
1.0020
1.0021
1.0020
1.0020
1.0021
1.0020
1.0019
1.0019
1.0019
1.0018
1.0019
1.0019
1.0019
1.0019
1.0018
1.0019
1.0018
1.0017
1.0017
1.0017
1.0017
1.0017
1.0017
1.0016
1.0015
1.0015
1.0014
1.0014
1.0015
1.0016
1.0016
1.0017
1.0016
1.0016
1.0015
1.0016
1.0017
1.0017
1.0018
1.0018
1.0018
1.0018
1.0017
1.0018
1.0018
1.0018
1.0019
1.0019
1.0020
1.0020
1.0020
1.0020
1.0020
1.0019
1.0019
1.0018
1.0018
1.0018
1.0018
1.0019
1.0020
1.0021
1.0021
1.0021
1.0020
1.0020
1.0019
1.0019
1.0019
1.0019
1.0019
1.0018
1.0018
1.0018
1.0018
1.0019
1.0019
1.0020
1.0020
1.0020
1.0019
1.0018
1.0018
1.0016
1.0016
1.0016
1.0015
1.0014
1.0014
1.0013
1.0012
1.0012
1.0011
1.0010
1.0010
1.0010
1.0009
1.0009
1.0010
1.0011
1.0011
1.0011
1.0011
1.0010
1.0011
1.0011
1.0011
1.0012
1.0012
1.0012
1.0012
1.0012
1.0013
1.0013
1.0013
1.0014
1.0014
1.0015
1.0015
1.0015
1.0014
1.0014
1.0014
1.0014
1.0013
1.0014
1.0013
1.0013
1.0013
1.0013
1.0012
1.0012
1.0013
1.0012
1.0012
1.0012
1.0013
1.0012
1.0012
1.0012
1.0011
1.0011
1.0011
1.0011
1.0012
1.0012
1.0012
1.0012
1.0012
1.0012
1.0012
1.0012
1.0012
1.0011
1.0011
1.0010
1.0010
1.0010
1.0010
1.0010
1.0009
1.0009
1.0007
1.0006
1.0005
1.0006
1.0006
1.0006
1.0006
1.0007
1.0006
1.0007
1.0007
1.0007
1.0007
1.0007
1.0007
1.0008
1.0008
1.0008
1.0008
1.0009
1.0009
1.0009
1.0008
1.0008
1.0008
1.0008
1.0008
1.0008
1.0008
1.0007
1.0007
1.0007
1.0007
1.0008
1.0008
1.0009
1.0009
1.0009
1.0009
1.0008
1.0009
1.0008
1.0008
1.0008
1.0008
1.0008
1.0009
1.0009
1.0009
1.0009
1.0009
1.0008
1.0007
1.0007
1.0006
1.0006
1.0006
1.0007
1.0007
1.0007
1.0007
1.0006
1.0006
1.0006
1.0006
1.0007
1.0008
1.0009
1.0009
1.0009
1.0009
1.0008
1.0008
1.0007
1.0007
1.0006
1.0006
1.0006
1.0005
1.0004
1.0004
1.0003
1.0003
1.0003
1.0004
1.0004
1.0004
1.0005
1.0005
1.0005
1.0005
1.0004
1.0004
1.0004
1.0003
1.0003
1.0003
1.0004
1.0004
1.0004
1.0005
1.0005
1.0005
1.0005
1.0005
1.0006
1.0005
1.0005
1.0004
1.0004
1.0004
1.0004
1.0004
1.0004
1.0004
1.0004
1.0004
1.0003
1.0003
1.0002
1.0002
1.0001
1.0001
0.9999
0.9999
0.9999
0.9999
1.0000
1.0001
1.0002
1.0002
1.0003
1.0003
1.0003
1.0003
1.0002
1.0003
1.0003
1.0002
1.0003
1.0002
1.0002
1.0003
1.0003
1.0002
1.0003
1.0003
1.0003
1.0004
1.0004
1.0004
1.0004
1.0003
1.0002
1.0002
1.0003
1.0002
1.0002
1.0002
1.0002
1.0002
1.0002
1.0003
1.0003
1.0003
1.0003
1.0003
1.0003
1.0003
1.0004
1.0003
1.0003
1.0003
1.0002
1.0002
1.0002
1.0002
1.0003
1.0004
1.0004
1.0005
1.0005
1.0005
1.0005
1.0004
1.0004
1.0003
1.0003
1.0002
1.0002
1.0003
1.0003
1.0003
1.0004
1.0004
1.0004
1.0004
1.0004
1.0004
1.0003
1.0003
1.0003
1.0003
1.0003
1.0004
1.0005
1.0005
1.0005
1.0005
1.0005
1.0005
1.0005
1.0005
1.0005
1.0005
1.0004
1.0004
1.0005
1.0005
1.0004
1.0004
1.0004
1.0003
1.0003
1.0003
1.0004
1.0004
1.0003
1.0003
1.0004
1.0004
1.0004
1.0005
1.0005
1.0005
1.0005
1.0004
1.0004
1.0004
1.0004
1.0004
1.0004
1.0003
1.0002
1.0002
1.0002
1.0002
1.0003
1.0003
1.0003
1.0004
1.0004
1.0003
1.0004
1.0004
1.0003
1.0003
1.0003
1.0004
1.0004
1.0005
1.0005
1.0004
1.0004
1.0004
1.0004
1.0004
1.0005
1.0004
1.0005
1.0005
1.0004
1.0004
1.0004
1.0004
1.0004
1.0004
1.0004
1.0004
1.0004
1.0004
1.0004
1.0004
1.0004
1.0004
1.0004
1.0005
1.0005
1.0005
1.0005
1.0005
1.0005
1.0005
1.0005
1.0005
1.0005
1.0004
1.0004
1.0004
1.0005
1.0005
1.0005
1.0005
1.0005
1.0004
1.0004
1.0003
1.0003
1.0003
1.0003
1.0004
1.0005
1.0006
1.0006
1.0006
1.0006
1.0004
1.0004
1.0003
1.0003
1.0003
1.0004
1.0004
1.0005
1.0005
1.0005
1.0005
1.0004
1.0004
1.0004
1.0004
1.0004
1.0004
1.0003
1.0003
1.0003
1.0003
1.0003
1.0003
1.0003
1.0003
1.0003
1.0002
1.0003
1.0003
1.0003
1.0004
1.0004
1.0004
1.0004
1.0003
1.0003
1.0003
1.0003
1.0003
1.0004
1.0003
1.0004
1.0004
1.0005
1.0005
1.0005
1.0005
1.0005
1.0005
1.0005
1.0005
1.0005
1.0004
1.0004
1.0003
1.0002
1.0002
1.0002
1.0002
1.0003
1.0004
1.0005
1.0006
1.0007
1.0006
1.0005
1.0005
1.0003
1.0002
1.0002
1.0001
1.0002
1.0002
1.0002
1.0003
1.0004
1.0004
1.0005
1.0006
1.0006
1.0005
1.0005
1.0005
1.0005
1.0005
1.0004
1.0004
1.0003
1.0003
1.0002
1.0002
1.0002
1.0002
1.0003
1.0004
1.0004
1.0004
1.0004
1.0003
1.0003
1.0003
1.0003
1.0003
1.0003
1.0003
1.0004
1.0004
1.0005
1.0005
1.0005
1.0005
1.0004
1.0003
1.0003
1.0003
1.0002
1.0002
1.0002
1.0002
1.0002
1.0003
1.0003
1.0004
1.0004
1.0003
1.0003
1.0003
1.0003
1.0003
1.0003
1.0003
1.0003
1.0003
1.0002
1.0002
1.0002
1.0002
1.0002
1.0003
1.0003
1.0004
1.0003
1.0003
1.0003
1.0003
1.0003
1.0003
1.0003
1.0003
1.0003
1.0003
1.0003
1.0003
1.0003
1.0003
1.0003
1.0003
1.0004
1.0004
1.0004
1.0004
1.0003
1.0003
1.0002
1.0002
1.0003
1.0003
1.0003
1.0004
1.0004
1.0004
1.0003
1.0003
1.0003
1.0003
1.0003
1.0004
1.0004
1.0004
1.0004
1.0004
1.0004
1.0004
1.0004
1.0005
1.0005
1.0005
1.0005
1.0004
1.0004
1.0003
1.0003
1.0004
1.0004
1.0003
1.0004
1.0003
1.0003
1.0004
1.0004
1.0004
1.0005
1.0004
1.0004
1.0004
1.0004
1.0004
1.0004
1.0004
1.0004
1.0004
1.0004
1.0004
1.0005
1.0005
1.0005
1.0005
1.0006
1.0005
1.0005
1.0005
1.0005
1.0005
1.0005
1.0005
1.0005
1.0004
1.0005
1.0005
1.0006
1.0006
1.0006
1.0006
1.0006
1.0006
1.0005
1.0005
1.0005
1.0004
1.0004
1.0004
1.0004
1.0004
1.0004
1.0004
1.0004
1.0005
1.0005
1.0005
1.0005
1.0005
1.0005
1.0006
1.0006
1.0006
1.0006
1.0006
1.0006
1.0006
1.0006
1.0006
1.0006
1.0006
1.0006
1.0006
1.0006
1.0006
1.0006
1.0006
1.0006
1.0006
1.0006
1.0006
1.0006
1.0005
1.0005
1.0005
1.0006
1.0006
1.0007
1.0007
1.0007
1.0007
1.0007
1.0007
1.0007
1.0007
1.0007
1.0007
1.0007
1.0007
1.0006
1.0007
1.0007
1.0007
1.0007
1.0007
1.0006
1.0007
1.0007
1.0007
1.0007
1.0007
1.0007
1.0008
1.0009
1.0009
1.0009
1.0008
1.0008
1.0008
1.0008
1.0008
1.0008
1.0008
1.0008
1.0008
1.0007
1.0007
1.0007
1.0007
1.0006
1.0007
1.0007
1.0007
1.0008
1.0009
1.0008
1.0008
1.0008
1.0008
1.0008
1.0008
1.0008
1.0009
1.0008
1.0009
1.0008
1.0008
1.0008
1.0008
1.0008
1.0008
1.0009
1.0009
1.0009
1.0009
1.0010
1.0010
1.0009
1.0010
1.0009
1.0009
1.0009
1.0008
1.0008
1.0008
1.0008
1.0008
1.0009
1.0010
1.0010
1.0011
1.0010
1.0010
1.0009
1.0010
1.0010
1.0009
1.0010
1.0009
1.0010
1.0010
1.0010
1.0010
1.0010
1.0010
1.0009
1.0009
1.0009
1.0010
1.0009
1.0009
1.0009
1.0009
1.0009
1.0008
1.0009
1.0009
1.0009
1.0010
1.0011
1.0011
1.0012
1.0012
1.0012
1.0011
1.0010
1.0010
1.0010
1.0010
1.0011
1.0011
1.0011
1.0011
1.0011
1.0011
1.0010
1.0010
1.0010
1.0010
1.0009
1.0010
1.0010
1.0010
1.0010
1.0010
1.0010
1.0010
1.0009
1.0010
1.0009
1.0009
1.0009
1.0009
1.0008
1.0008
1.0008
1.0008
1.0009
1.0009
1.0009
1.0010
1.0010
1.0010
1.0011
1.0011
1.0010
1.0011
1.0011
1.0010
1.0010
1.0009
1.0010
1.0011
1.0011
1.0011
1.0012
1.0011
1.0011
1.0011
1.0011
1.0011
1.0010
1.0011
1.0012
1.0012
1.0012
1.0012
1.0012
1.0011
1.0011
1.0011
1.0011
1.0011
1.0011
1.0011
1.0012
1.0012
1.0011
1.0012
1.0012
1.0011
1.0012
1.0012
1.0012
1.0011
1.0011
1.0010
1.0010
1.0010
1.0010
1.0011
1.0012
1.0012
1.0012
1.0011
1.0011
1.0011
1.0010
1.0010
1.0011
1.0010
1.0011
1.0012
1.0012
1.0012
1.0011
1.0010
1.0010
1.0010
1.0010
1.0011
1.0011
1.0010
1.0011
1.0011
1.0012
1.0013
1.0013
1.0013
1.0013
1.0013
1.0012
1.0011
1.0011
1.0011
1.0011
1.0011
1.0012
1.0012
1.0012
1.0012
1.0012
1.0011
1.0012
1.0012
1.0012
1.0012
1.0012
1.0012
1.0012
1.0011
1.0011
1.0011
1.0011
1.0011
1.0011
1.0013
1.0013
1.0013
1.0013
1.0012
1.0010
1.0009
1.0009
1.0009
1.0010
1.0010
1.0012
1.0012
1.0012
1.0012
1.0012
1.0012
1.0011
1.0012
1.0011
1.0011
1.0011
1.0012
1.0013
1.0013
1.0013
1.0014
1.0013
1.0013
1.0014
1.0013
1.0012
1.0012
1.0012
1.0011
1.0011
1.0011
1.0012
1.0012
1.0012
1.0012
1.0011
1.0012
1.0010
1.0010
1.0010
1.0010
1.0010
1.0011
1.0012
1.0010
1.0010
1.0011
1.0011
1.0012
1.0014
1.0014
1.0014
1.0013
1.0012
1.0012
1.0012
1.0012
1.0013
1.0014
1.0013
1.0014
1.0014
1.0012
1.0012
1.0013
1.0013
1.0015
1.0016
1.0016
1.0015
1.0014
1.0013
1.0012
1.0012
1.0013
1.0013
1.0013
1.0012
1.0013
1.0013
1.0013
1.0015
1.0016
1.0015
1.0015
1.0015
1.0013
1.0013
1.0013
1.0014
1.0015
1.0014
1.0016
1.0016
1.0015
1.0015
1.0014
1.0013
1.0013
1.0013
1.0014
1.0014
1.0014
1.0013
1.0014
1.0014
1.0014
1.0014
1.0015
1.0014
1.0013
1.0014
1.0013
1.0013
1.0014
1.0015
1.0015
1.0017
1.0016
1.0016
1.0016
1.0016
1.0014
1.0014
1.0014
1.0014
1.0014
1.0015
1.0014
1.0015
1.0014
1.0015
1.0014
1.0015
1.0013
1.0014
1.0013
1.0014
1.0015
1.0017
1.0016
1.0016
1.0016
1.0015
1.0015
1.0015
1.0016
1.0016
1.0015
1.0016
1.0016
1.0015
1.0017
1.0018
1.0018
1.0017
1.0017
1.0016
1.0016
1.0016
1.0016
1.0016
1.0016
1.0017
1.0016
1.0016
1.0016
1.0015
1.0014
1.0014
1.0015
1.0016
1.0015
1.0015
1.0014
1.0014
1.0013
1.0013
1.0014
1.0015
1.0016
1.0017
1.0018
1.0018
1.0018
1.0018
1.0017
1.0017
1.0015
1.0014
1.0014
1.0014
1.0015
1.0017
1.0017
1.0018
1.0018
1.0018
1.0017
1.0017
1.0017
1.0016
1.0016
1.0016
1.0017
1.0016
1.0017
1.0017
1.0017
1.0017
1.0018
1.0017
1.0017
1.0017
1.0017
1.0017
1.0017
1.0017
1.0017
1.0018
1.0016
1.0017
1.0017
1.0017
1.0016
1.0018
1.0019
1.0019
1.0019
1.0020
1.0019
1.0018
1.0019
1.0018
1.0018
1.0019
1.0019
1.0018
1.0019
1.0019
1.0019
1.0019
1.0019
1.0018
1.0020
1.0020
1.0020
1.0022
1.0021
1.0021
1.0020
1.0019
1.0019
1.0020
1.0018
1.0018
1.0019
1.0018
1.0018
1.0019
1.0020
1.0022
1.0024
1.0024
1.0026
1.0024
1.0021
1.0020
1.0019
1.0018
1.0019
1.0020
1.0020
1.0020
1.0021
1.0020
1.0019
1.0017
1.0014
1.0012
1.0014
1.0016
1.0018
1.0021
1.0023
1.0022
1.0021
1.0022
1.0022
1.0021
1.0023
1.0023
1.0022
1.0022
1.0022
1.0022
1.0023
1.0023
1.0022
1.0023
1.0022
1.0022
1.0022
1.0022
1.0022
1.0022
1.0021
1.0020
1.0020
1.0019
1.0020
1.0021
1.0021
1.0022
1.0023
1.0021
1.0020
1.0021
1.0025
1.0026
1.0026
1.0027
1.0027
1.0023
1.0022
1.0022
1.0022
1.0023
1.0023
1.0023
1.0025
1.0025
1.0024
1.0025
1.0024
1.0024
1.0024
1.0023
1.0021
1.0021
1.0022
1.0021
1.0024
1.0025
1.0025
1.0025
1.0025
1.0024
1.0023
1.0024
1.0024
1.0024
1.0026
1.0027
1.0026
1.0024
1.0023
1.0023
1.0021
1.0022
1.0024
1.0024
1.0024
1.0024
1.0024
1.0023
1.0025
1.0024
1.0024
1.0024
1.0025
1.0024
1.0026
1.0025
1.0025
1.0023
1.0023
1.0022
1.0022
1.0022
1.0022
1.0022
1.0020
1.0019
1.0020
1.0021
1.0022
1.0021
1.0022
1.0022
1.0023
1.0022
1.0023
1.0022
1.0024
1.0024
1.0024
1.0024
1.0024
1.0023
1.0023
1.0022
1.0023
1.0023
1.0021
1.0021
1.0019
1.0017
1.0015
1.0014
1.0015
1.0015
1.0016
1.0017
1.0018
1.0021
1.0022
1.0021
1.0026
1.0039
1.0040
1.0055
1.0123
1.0460
1.0223
1.0261
