1.0122
1.0369
1.0185
0.8880
0.2744
-4.2167
2.5680
2.3864
2.3801
2.5391
2.7343
2.9010
3.0516
2.8607
2.6678
2.8903
2.7500
2.8096
3.2171
3.3548
2.5803
2.3876
2.3419
2.2931
2.1868
2.4576
2.4506
2.3384
2.3256
2.6817
2.5159
3.0295
3.1538
3.4516
2.3058
2.2918
2.0966
2.0510
1.9244
2.0518
2.0579
2.1790
2.1770
2.2150
2.4041
2.4530
2.1314
2.1720
2.1109
1.9280
1.9411
1.9836
1.9057
1.8723
2.0013
1.8950
1.9132
1.9353
1.9292
1.9062
1.9706
1.9805
2.0919
2.1300
2.0932
2.0988
2.0980
2.0915
2.1499
2.1574
2.0497
1.9584
1.9201
1.8550
1.8256
1.8837
1.9503
1.8619
1.9134
1.8297
1.8142
1.7695
1.8224
1.8257
1.8383
1.8262
1.8294
1.8075
1.7683
1.8681
1.8439
1.8276
1.8050
1.8355
1.7958
1.8122
1.8460
1.8267
1.8310
1.8211
1.7916
1.7676
1.8165
1.7459
1.7388
1.7702
1.7977
1.7542
1.8090
1.7605
1.7295
1.7145
1.7008
1.6948
1.7073
1.6656
1.6735
1.6823
1.6569
1.6608
1.6541
1.6092
1.6053
1.6023
1.6123
1.6260
1.6433
1.6150
1.6147
1.5829
1.5852
1.5795
1.6004
1.6278
1.6653
1.6720
1.6729
1.6830
1.6449
1.6375
1.6349
1.6322
1.6224
1.6458
1.6412
1.6294
1.6295
1.6639
1.6337
1.6384
1.6254
1.6386
1.6195
1.6357
1.6515
1.7121
1.7203
1.7048
1.7646
1.7648
1.7145
1.7390
1.7988
1.7857
1.7877
1.8503
1.8727
1.8478
1.7214
1.7465
1.7334
1.7311
1.7503
1.9110
1.8071
1.8640
1.8485
1.7905
1.7759
1.8180
1.7605
1.7586
1.7989
1.7685
1.7860
1.8477
1.8704
1.8483
1.9211
1.8966
1.8948
1.8860
1.8853
1.8648
1.8625
1.8096
1.8359
1.8079
1.7676
1.7899
1.8171
1.7736
1.7580
1.7499
1.7613
1.7900
1.7804
1.7789
1.8355
1.7442
1.7098
1.6834
1.6870
1.6431
1.6275
1.5978
1.6112
1.6103
1.5894
1.5604
1.5597
1.5136
1.4738
1.4320
1.4140
1.3801
1.3726
1.3687
1.3847
1.3888
1.3945
1.3738
1.3484
1.3088
1.2751
1.2421
1.2134
1.1875
1.1688
1.1460
1.1273
1.1093
1.0952
1.0838
1.0898
1.0989
1.1212
1.1423
1.1506
1.1327
1.1077
1.0759
1.0545
1.0356
1.0229
1.0122
1.0049
0.9916
0.9828
0.9764
0.9711
0.9638
0.9623
0.9630
0.9699
0.9807
0.9967
1.0093
1.0220
1.0192
1.0092
0.9959
0.9885
0.9774
0.9709
0.9657
0.9620
0.9584
0.9566
0.9558
0.9545
0.9543
0.9532
0.9527
0.9539
0.9543
0.9549
0.9593
0.9658
0.9703
0.9761
0.9790
0.9772
0.9727
0.9697
0.9687
0.9678
0.9681
0.9676
0.9671
0.9667
0.9665
0.9653
0.9663
0.9667
0.9660
0.9661
0.9670
0.9661
0.9657
0.9666
0.9679
0.9699
0.9735
0.9768
0.9792
0.9808
0.9804
0.9782
0.9767
0.9777
0.9775
0.9778
0.9783
0.9781
0.9778
0.9788
0.9784
0.9787
0.9801
0.9801
0.9796
0.9810
0.9819
0.9816
0.9821
0.9834
0.9840
0.9837
0.9840
0.9848
0.9866
0.9887
0.9907
0.9924
0.9933
0.9918
0.9891
0.9881
0.9883
0.9879
0.9884
0.9886
0.9881
0.9885
0.9889
0.9883
0.9890
0.9901
0.9891
0.9891
0.9900
0.9895
0.9889
0.9896
0.9904
0.9902
0.9903
0.9910
0.9915
0.9916
0.9919
0.9930
0.9949
0.9964
0.9970
0.9974
0.9969
0.9952
0.9936
0.9936
0.9935
0.9937
0.9937
0.9935
0.9932
0.9935
0.9930
0.9928
0.9935
0.9931
0.9928
0.9934
0.9936
0.9931
0.9933
0.9936
0.9936
0.9935
0.9939
0.9945
0.9948
0.9949
0.9952
0.9954
0.9955
0.9959
0.9971
0.9984
0.9991
0.9995
0.9995
0.9986
0.9975
0.9970
0.9968
0.9965
0.9967
0.9966
0.9965
0.9968
0.9970
0.9967
0.9971
0.9972
0.9969
0.9971
0.9975
0.9973
0.9973
0.9976
0.9977
0.9975
0.9976
0.9977
0.9976
0.9975
0.9976
0.9976
0.9976
0.9977
0.9976
0.9976
0.9976
0.9979
0.9983
0.9984
0.9983
0.9980
0.9974
0.9968
0.9965
0.9964
0.9963
0.9963
0.9961
0.9959
0.9959
0.9958
0.9956
0.9959
0.9962
0.9964
0.9969
0.9973
0.9974
0.9974
0.9975
0.9976
0.9978
0.9980
0.9985
0.9989
0.9991
0.9992
0.9994
0.9995
0.9994
0.9993
0.9995
0.9994
0.9994
0.9996
0.9997
0.9999
1.0001
1.0003
1.0002
1.0002
1.0001
1.0000
0.9999
0.9999
0.9999
0.9999
0.9999
0.9999
0.9999
0.9999
0.9998
0.9996
0.9994
0.9993
0.9993
0.9993
0.9993
0.9994
0.9995
0.9995
0.9995
0.9996
0.9996
0.9996
0.9995
0.9995
0.9994
0.9994
0.9994
0.9994
0.9994
0.9994
0.9995
0.9995
0.9994
0.9994
0.9994
0.9992
0.9991
0.9990
0.9988
0.9986
0.9986
0.9985
0.9986
0.9987
0.9988
0.9989
0.9991
0.9991
0.9992
0.9994
0.9995
0.9995
0.9998
1.0000
1.0001
1.0002
1.0004
1.0005
1.0005
1.0006
1.0008
1.0008
1.0007
1.0009
1.0009
1.0010
1.0011
1.0012
1.0012
1.0013
1.0013
1.0013
1.0013
1.0013
1.0013
1.0014
1.0013
1.0013
1.0012
1.0012
1.0012
1.0012
1.0013
1.0013
1.0012
1.0011
1.0012
1.0011
1.0011
1.0012
1.0013
1.0012
1.0013
1.0013
1.0013
1.0013
1.0014
1.0014
1.0015
1.0016
1.0018
1.0018
1.0018
1.0017
1.0017
1.0016
1.0016
1.0016
1.0016
1.0016
1.0016
1.0016
1.0017
1.0019
1.0020
1.0020
1.0019
1.0019
1.0018
1.0018
1.0018
1.0019
1.0019
1.0019
1.0019
1.0019
1.0020
1.0020
1.0019
1.0020
1.0021
1.0020
1.0020
1.0021
1.0020
1.0019
1.0019
1.0019
1.0018
1.0019
1.0019
1.0019
1.0019
1.0018
1.0018
1.0018
1.0017
1.0017
1.0017
1.0017
1.0017
1.0017
1.0016
1.0015
1.0014
1.0014
1.0014
1.0015
1.0016
1.0016
1.0016
1.0016
1.0016
1.0015
1.0016
1.0017
1.0017
1.0018
1.0018
1.0018
1.0018
1.0017
1.0018
1.0018
1.0018
1.0019
1.0019
1.0020
1.0019
1.0020
1.0020
1.0020
1.0019
1.0018
1.0018
1.0018
1.0018
1.0018
1.0019
1.0020
1.0020
1.0021
1.0021
1.0020
1.0019
1.0019
1.0019
1.0019
1.0019
1.0019
1.0018
1.0018
1.0018
1.0018
1.0019
1.0019
1.0019
1.0020
1.0019
1.0018
1.0018
1.0018
1.0016
1.0016
1.0016
1.0015
1.0014
1.0014
1.0013
1.0012
1.0011
1.0011
1.0010
1.0010
1.0010
1.0009
1.0009
1.0010
1.0011
1.0010
1.0011
1.0011
1.0010
1.0011
1.0011
1.0011
1.0012
1.0012
1.0012
1.0012
1.0012
1.0012
1.0013
1.0013
1.0014
1.0014
1.0015
1.0015
1.0015
1.0014
1.0014
1.0014
1.0013
1.0013
1.0014
1.0013
1.0013
1.0013
1.0013
1.0012
1.0012
1.0013
1.0012
1.0012
1.0012
1.0012
1.0012
1.0012
1.0011
1.0011
1.0011
1.0011
1.0011
1.0011
1.0012
1.0012
1.0012
1.0012
1.0012
1.0012
1.0012
1.0012
1.0011
1.0010
1.0010
1.0010
1.0010
1.0010
1.0010
1.0009
1.0008
1.0007
1.0006
1.0005
1.0006
1.0006
1.0006
1.0006
1.0007
1.0006
1.0007
1.0007
1.0007
1.0007
1.0007
1.0007
1.0008
1.0008
1.0008
1.0008
1.0009
1.0008
1.0009
1.0008
1.0008
1.0008
1.0008
1.0007
1.0008
1.0007
1.0007
1.0007
1.0007
1.0007
1.0007
1.0008
1.0009
1.0009
1.0008
1.0009
1.0008
1.0009
1.0008
1.0008
1.0008
1.0008
1.0008
1.0009
1.0009
1.0009
1.0009
1.0009
1.0008
1.0007
1.0007
1.0006
1.0006
1.0006
1.0007
1.0007
1.0007
1.0007
1.0006
1.0006
1.0006
1.0006
1.0007
1.0008
1.0008
1.0009
1.0009
1.0009
1.0008
1.0008
1.0007
1.0007
1.0006
1.0006
1.0006
1.0005
1.0004
1.0004
1.0003
1.0003
1.0003
1.0004
1.0004
1.0004
1.0005
1.0005
1.0005
1.0005
1.0004
1.0004
1.0004
1.0003
1.0003
1.0003
1.0004
1.0004
1.0004
1.0005
1.0005
1.0005
1.0005
1.0005
1.0005
1.0005
1.0005
1.0004
1.0004
1.0004
1.0004
1.0004
1.0004
1.0004
1.0004
1.0004
1.0003
1.0003
1.0002
1.0002
1.0001
1.0000
0.9999
0.9999
0.9999
0.9999
1.0000
1.0001
1.0002
1.0002
1.0003
1.0003
1.0003
1.0003
1.0002
1.0003
1.0002
1.0002
1.0003
1.0002
1.0002
1.0003
1.0002
1.0002
1.0003
1.0002
1.0002
1.0003
1.0004
1.0003
1.0004
1.0003
1.0002
1.0002
1.0003
1.0002
1.0002
1.0002
1.0002
1.0002
1.0002
1.0003
1.0003
1.0003
1.0003
1.0003
1.0003
1.0003
1.0003
1.0003
1.0003
1.0003
1.0002
1.0002
1.0002
1.0002
1.0003
1.0004
1.0004
1.0005
1.0005
1.0005
1.0005
1.0004
1.0004
1.0003
1.0003
1.0002
1.0002
1.0003
1.0003
1.0003
1.0004
1.0004
1.0004
1.0004
1.0004
1.0004
1.0003
1.0003
1.0003
1.0003
1.0003
1.0004
1.0004
1.0005
1.0005
1.0005
1.0005
1.0005
1.0005
1.0005
1.0005
1.0005
1.0004
1.0004
1.0005
1.0004
1.0004
1.0004
1.0004
1.0003
1.0003
1.0003
1.0004
1.0004
1.0003
1.0003
1.0004
1.0003
1.0004
1.0004
1.0005
1.0005
1.0005
1.0004
1.0005
1.0004
1.0004
1.0004
1.0004
1.0003
1.0002
1.0002
1.0002
1.0002
1.0003
1.0003
1.0003
1.0004
1.0004
1.0004
1.0004
1.0004
1.0003
1.0003
1.0003
1.0004
1.0004
1.0005
1.0005
1.0004
1.0004
1.0004
1.0004
1.0004
1.0004
1.0004
1.0005
1.0005
1.0004
1.0004
1.0004
1.0004
1.0003
1.0004
1.0004
1.0004
1.0004
1.0004
1.0004
1.0004
1.0004
1.0004
1.0004
1.0005
1.0005
1.0005
1.0005
1.0005
1.0005
1.0005
1.0005
1.0005
1.0005
1.0004
1.0004
1.0004
1.0004
1.0004
1.0004
1.0004
1.0004
1.0004
1.0004
1.0003
1.0003
1.0003
1.0003
1.0004
1.0005
1.0006
1.0006
1.0006
1.0005
1.0004
1.0004
1.0003
1.0003
1.0003
1.0004
1.0004
1.0005
1.0005
1.0005
1.0005
1.0004
1.0004
1.0004
1.0004
1.0004
1.0004
1.0003
1.0003
1.0003
1.0003
1.0003
1.0003
1.0003
1.0003
1.0003
1.0002
1.0003
1.0003
1.0003
1.0004
1.0004
1.0004
1.0004
1.0003
1.0003
1.0003
1.0003
1.0003
1.0004
1.0003
1.0004
1.0004
1.0005
1.0005
1.0005
1.0005
1.0005
1.0005
1.0005
1.0005
1.0005
1.0004
1.0004
1.0003
1.0002
1.0002
1.0002
1.0002
1.0003
1.0004
1.0005
1.0006
1.0007
1.0006
1.0005
1.0005
1.0003
1.0002
1.0002
1.0002
1.0002
1.0002
1.0002
1.0003
1.0004
1.0004
1.0005
1.0006
1.0006
1.0005
1.0005
1.0005
1.0005
1.0005
1.0004
1.0004
1.0004
1.0003
1.0002
1.0002
1.0002
1.0003
1.0003
1.0004
1.0004
1.0004
1.0004
1.0003
1.0003
1.0004
1.0003
1.0003
1.0003
1.0003
1.0004
1.0004
1.0005
1.0005
1.0005
1.0005
1.0004
1.0003
1.0003
1.0003
1.0002
1.0002
1.0002
1.0002
1.0002
1.0003
1.0003
1.0004
1.0004
1.0003
1.0003
1.0003
1.0003
1.0003
1.0003
1.0003
1.0003
1.0003
1.0002
1.0002
1.0002
1.0002
1.0002
1.0003
1.0003
1.0004
1.0003
1.0003
1.0003
1.0003
1.0003
1.0003
1.0003
1.0003
1.0004
1.0003
1.0003
1.0003
1.0003
1.0003
1.0003
1.0003
1.0004
1.0004
1.0004
1.0004
1.0004
1.0003
1.0002
1.0002
1.0003
1.0003
1.0003
1.0004
1.0004
1.0004
1.0003
1.0003
1.0003
1.0003
1.0003
1.0004
1.0004
1.0004
1.0004
1.0004
1.0004
1.0004
1.0005
1.0005
1.0005
1.0005
1.0005
1.0004
1.0004
1.0003
1.0004
1.0004
1.0004
1.0003
1.0004
1.0003
1.0003
1.0004
1.0004
1.0004
1.0005
1.0005
1.0004
1.0004
1.0004
1.0004
1.0004
1.0004
1.0004
1.0004
1.0004
1.0004
1.0005
1.0005
1.0005
1.0005
1.0006
1.0005
1.0005
1.0005
1.0005
1.0005
1.0005
1.0005
1.0005
1.0005
1.0005
1.0005
1.0006
1.0006
1.0006
1.0006
1.0006
1.0006
1.0006
1.0005
1.0005
1.0005
1.0004
1.0004
1.0004
1.0004
1.0004
1.0004
1.0004
1.0005
1.0005
1.0006
1.0005
1.0005
1.0006
1.0006
1.0006
1.0006
1.0006
1.0006
1.0006
1.0006
1.0006
1.0006
1.0006
1.0006
1.0006
1.0006
1.0006
1.0006
1.0006
1.0006
1.0006
1.0006
1.0006
1.0006
1.0006
1.0005
1.0005
1.0005
1.0006
1.0006
1.0007
1.0008
1.0007
1.0007
1.0007
1.0007
1.0007
1.0007
1.0007
1.0007
1.0007
1.0007
1.0006
1.0007
1.0007
1.0007
1.0007
1.0007
1.0006
1.0007
1.0007
1.0007
1.0007
1.0008
1.0008
1.0009
1.0009
1.0009
1.0009
1.0008
1.0007
1.0007
1.0007
1.0008
1.0008
1.0008
1.0008
1.0008
1.0007
1.0007
1.0007
1.0007
1.0006
1.0007
1.0007
1.0007
1.0008
1.0009
1.0008
1.0009
1.0008
1.0008
1.0008
1.0008
1.0008
1.0009
1.0008
1.0009
1.0008
1.0008
1.0008
1.0008
1.0008
1.0008
1.0009
1.0009
1.0009
1.0009
1.0010
1.0010
1.0010
1.0010
1.0010
1.0009
1.0009
1.0008
1.0008
1.0008
1.0008
1.0008
1.0009
1.0010
1.0010
1.0011
1.0010
1.0010
1.0010
1.0010
1.0010
1.0010
1.0010
1.0010
1.0010
1.0010
1.0010
1.0010
1.0010
1.0010
1.0009
1.0009
1.0009
1.0010
1.0009
1.0009
1.0009
1.0009
1.0009
1.0008
1.0009
1.0009
1.0010
1.0010
1.0011
1.0011
1.0012
1.0012
1.0012
1.0011
1.0010
1.0010
1.0010
1.0010
1.0011
1.0011
1.0011
1.0011
1.0011
1.0011
1.0011
1.0010
1.0010
1.0010
1.0009
1.0010
1.0010
1.0010
1.0010
1.0011
1.0010
1.0010
1.0009
1.0010
1.0009
1.0010
1.0009
1.0009
1.0008
1.0008
1.0008
1.0008
1.0009
1.0009
1.0009
1.0010
1.0010
1.0010
1.0011
1.0011
1.0010
1.0011
1.0011
1.0011
1.0010
1.0010
1.0010
1.0011
1.0011
1.0012
1.0012
1.0011
1.0011
1.0011
1.0011
1.0011
1.0011
1.0011
1.0012
1.0012
1.0012
1.0012
1.0012
1.0011
1.0011
1.0011
1.0011
1.0012
1.0011
1.0011
1.0012
1.0012
1.0012
1.0012
1.0012
1.0011
1.0012
1.0012
1.0012
1.0012
1.0011
1.0011
1.0010
1.0010
1.0011
1.0011
1.0012
1.0012
1.0012
1.0011
1.0011
1.0011
1.0010
1.0011
1.0011
1.0010
1.0011
1.0012
1.0012
1.0012
1.0011
1.0011
1.0010
1.0010
1.0010
1.0011
1.0011
1.0010
1.0011
1.0012
1.0012
1.0013
1.0014
1.0013
1.0013
1.0013
1.0013
1.0011
1.0011
1.0011
1.0011
1.0011
1.0012
1.0013
1.0012
1.0012
1.0012
1.0012
1.0012
1.0012
1.0012
1.0012
1.0013
1.0012
1.0012
1.0011
1.0011
1.0011
1.0011
1.0011
1.0011
1.0013
1.0013
1.0013
1.0013
1.0012
1.0010
1.0010
1.0010
1.0010
1.0010
1.0010
1.0012
1.0012
1.0012
1.0012
1.0012
1.0012
1.0011
1.0012
1.0012
1.0012
1.0011
1.0013
1.0013
1.0013
1.0013
1.0014
1.0014
1.0013
1.0014
1.0013
1.0013
1.0012
1.0012
1.0011
1.0012
1.0012
1.0012
1.0013
1.0012
1.0012
1.0011
1.0012
1.0011
1.0010
1.0011
1.0011
1.0011
1.0012
1.0012
1.0011
1.0011
1.0011
1.0011
1.0012
1.0014
1.0015
1.0014
1.0013
1.0012
1.0012
1.0012
1.0012
1.0013
1.0014
1.0013
1.0014
1.0014
1.0013
1.0012
1.0013
1.0014
1.0015
1.0016
1.0016
1.0015
1.0014
1.0013
1.0012
1.0012
1.0013
1.0013
1.0013
1.0013
1.0013
1.0014
1.0013
1.0015
1.0016
1.0015
1.0015
1.0015
1.0014
1.0014
1.0014
1.0014
1.0015
1.0015
1.0016
1.0016
1.0015
1.0015
1.0014
1.0013
1.0013
1.0013
1.0014
1.0014
1.0015
1.0014
1.0014
1.0014
1.0014
1.0014
1.0015
1.0014
1.0013
1.0014
1.0013
1.0013
1.0014
1.0015
1.0015
1.0017
1.0017
1.0016
1.0016
1.0016
1.0014
1.0014
1.0014
1.0014
1.0014
1.0015
1.0014
1.0015
1.0014
1.0015
1.0014
1.0015
1.0013
1.0014
1.0014
1.0015
1.0015
1.0017
1.0016
1.0016
1.0016
1.0015
1.0015
1.0015
1.0016
1.0016
1.0015
1.0016
1.0016
1.0015
1.0017
1.0018
1.0017
1.0017
1.0017
1.0016
1.0016
1.0016
1.0016
1.0016
1.0016
1.0017
1.0016
1.0016
1.0016
1.0015
1.0015
1.0015
1.0015
1.0016
1.0015
1.0015
1.0015
1.0014
1.0013
1.0013
1.0014
1.0016
1.0017
1.0018
1.0019
1.0019
1.0018
1.0018
1.0018
1.0017
1.0015
1.0015
1.0014
1.0014
1.0015
1.0017
1.0017
1.0018
1.0018
1.0018
1.0017
1.0017
1.0017
1.0017
1.0016
1.0017
1.0017
1.0017
1.0017
1.0017
1.0017
1.0017
1.0018
1.0017
1.0017
1.0017
1.0017
1.0017
1.0017
1.0017
1.0018
1.0018
1.0017
1.0017
1.0017
1.0017
1.0016
1.0018
1.0019
1.0019
1.0020
1.0020
1.0019
1.0018
1.0019
1.0018
1.0019
1.0019
1.0019
1.0018
1.0019
1.0019
1.0019
1.0019
1.0019
1.0019
1.0020
1.0020
1.0020
1.0022
1.0021
1.0021
1.0020
1.0020
1.0019
1.0020
1.0019
1.0018
1.0019
1.0018
1.0018
1.0019
1.0020
1.0023
1.0024
1.0025
1.0026
1.0024
1.0021
1.0020
1.0020
1.0018
1.0019
1.0020
1.0020
1.0020
1.0021
1.0020
1.0019
1.0017
1.0014
1.0013
1.0014
1.0016
1.0019
1.0021
1.0023
1.0022
1.0021
1.0022
1.0022
1.0021
1.0023
1.0023
1.0022
1.0022
1.0022
1.0022
1.0023
1.0023
1.0022
1.0023
1.0022
1.0022
1.0023
1.0022
1.0022
1.0022
1.0021
1.0020
1.0020
1.0019
1.0020
1.0021
1.0021
1.0022
1.0023
1.0021
1.0020
1.0021
1.0025
1.0026
1.0027
1.0027
1.0027
1.0023
1.0022
1.0022
1.0022
1.0023
1.0023
1.0024
1.0025
1.0025
1.0024
1.0025
1.0025
1.0024
1.0025
1.0023
1.0021
1.0021
1.0022
1.0021
1.0024
1.0025
1.0025
1.0025
1.0025
1.0024
1.0023
1.0024
1.0025
1.0024
1.0026
1.0027
1.0026
1.0024
1.0023
1.0023
1.0022
1.0022
1.0024
1.0024
1.0024
1.0024
1.0024
1.0024
1.0025
1.0024
1.0024
1.0025
1.0025
1.0024
1.0026
1.0025
1.0025
1.0023
1.0023
1.0022
1.0022
1.0022
1.0022
1.0022
1.0020
1.0019
1.0020
1.0021
1.0022
1.0022
1.0023
1.0022
1.0023
1.0023
1.0023
1.0023
1.0025
1.0024
1.0025
1.0024
1.0024
1.0023
1.0023
1.0022
1.0023
1.0023
1.0021
1.0021
1.0019
1.0017
1.0015
1.0015
1.0015
1.0015
1.0016
1.0017
1.0018
1.0021
1.0022
1.0021
1.0026
1.0039
1.0041
1.0055
1.0124
1.0461
1.0221
1.0265
