1.0122
1.0367
1.0185
0.8880
0.2742
-4.2227
2.5711
2.3894
2.3844
2.5433
2.7382
2.9055
3.0563
2.8646
2.6722
2.8964
2.7552
2.8153
3.2246
3.3617
2.5843
2.3901
2.3445
2.2950
2.1889
2.4597
2.4518
2.3395
2.3268
2.6819
2.5169
3.0315
3.1567
3.4545
2.3086
2.2939
2.0983
2.0519
1.9256
2.0527
2.0593
2.1809
2.1795
2.2182
2.4079
2.4569
2.1349
2.1754
2.1137
1.9304
1.9436
1.9855
1.9073
1.8730
2.0023
1.8961
1.9141
1.9356
1.9304
1.9069
1.9705
1.9807
2.0931
2.1311
2.0950
2.1010
2.1001
2.0935
2.1515
2.1585
2.0511
1.9599
1.9212
1.8564
1.8265
1.8844
1.9512
1.8630
1.9143
1.8310
1.8157
1.7709
1.8240
1.8273
1.8400
1.8279
1.8311
1.8088
1.7696
1.8696
1.8452
1.8290
1.8064
1.8369
1.7972
1.8137
1.8472
1.8279
1.8326
1.8223
1.7930
1.7688
1.8180
1.7464
1.7390
1.7705
1.7983
1.7547
1.8101
1.7618
1.7305
1.7155
1.7015
1.6956
1.7081
1.6662
1.6742
1.6832
1.6578
1.6620
1.6552
1.6102
1.6060
1.6033
1.6133
1.6273
1.6448
1.6166
1.6162
1.5845
1.5864
1.5807
1.6013
1.6285
1.6656
1.6726
1.6733
1.6839
1.6461
1.6388
1.6359
1.6333
1.6234
1.6462
1.6413
1.6297
1.6298
1.6641
1.6345
1.6393
1.6265
1.6396
1.6206
1.6364
1.6525
1.7132
1.7218
1.7063
1.7663
1.7669
1.7163
1.7406
1.8005
1.7876
1.7890
1.8519
1.8737
1.8490
1.7222
1.7476
1.7344
1.7324
1.7517
1.9125
1.8089
1.8660
1.8499
1.7916
1.7771
1.8192
1.7614
1.7602
1.8002
1.7698
1.7868
1.8481
1.8704
1.8487
1.9211
1.8961
1.8950
1.8864
1.8859
1.8652
1.8634
1.8102
1.8364
1.8081
1.7687
1.7913
1.8184
1.7750
1.7592
1.7508
1.7620
1.7907
1.7810
1.7795
1.8360
1.7444
1.7098
1.6833
1.6872
1.6434
1.6281
1.5983
1.6119
1.6111
1.5905
1.5619
1.5617
1.5153
1.4754
1.4332
1.4149
1.3810
1.3737
1.3700
1.3856
1.3897
1.3953
1.3737
1.3480
1.3085
1.2748
1.2417
1.2134
1.1876
1.1692
1.1464
1.1281
1.1099
1.0956
1.0840
1.0902
1.0992
1.1216
1.1427
1.1512
1.1330
1.1081
1.0763
1.0549
1.0359
1.0231
1.0123
1.0050
0.9919
0.9831
0.9768
0.9715
0.9641
0.9625
0.9632
0.9701
0.9810
0.9971
1.0097
1.0225
1.0197
1.0096
0.9962
0.9888
0.9778
0.9712
0.9659
0.9623
0.9586
0.9568
0.9560
0.9548
0.9545
0.9535
0.9529
0.9541
0.9545
0.9552
0.9596
0.9661
0.9707
0.9765
0.9794
0.9775
0.9729
0.9699
0.9689
0.9680
0.9683
0.9678
0.9674
0.9669
0.9667
0.9656
0.9666
0.9670
0.9663
0.9664
0.9672
0.9663
0.9659
0.9668
0.9682
0.9702
0.9737
0.9770
0.9794
0.9809
0.9806
0.9784
0.9770
0.9779
0.9777
0.9780
0.9785
0.9783
0.9780
0.9790
0.9786
0.9789
0.9803
0.9802
0.9798
0.9811
0.9820
0.9818
0.9822
0.9836
0.9842
0.9838
0.9841
0.9849
0.9867
0.9888
0.9908
0.9926
0.9934
0.9919
0.9892
0.9882
0.9884
0.9880
0.9885
0.9887
0.9882
0.9887
0.9890
0.9884
0.9891
0.9902
0.9892
0.9893
0.9901
0.9897
0.9890
0.9897
0.9904
0.9902
0.9903
0.9910
0.9915
0.9916
0.9919
0.9931
0.9950
0.9964
0.9970
0.9974
0.9969
0.9952
0.9936
0.9937
0.9936
0.9937
0.9937
0.9935
0.9933
0.9936
0.9931
0.9929
0.9936
0.9932
0.9928
0.9935
0.9936
0.9932
0.9933
0.9937
0.9937
0.9935
0.9939
0.9945
0.9949
0.9950
0.9953
0.9955
0.9956
0.9959
0.9971
0.9984
0.9991
0.9996
0.9996
0.9987
0.9975
0.9971
0.9968
0.9965
0.9967
0.9966
0.9966
0.9969
0.9970
0.9967
0.9971
0.9972
0.9969
0.9971
0.9976
0.9973
0.9974
0.9976
0.9978
0.9975
0.9976
0.9977
0.9976
0.9975
0.9976
0.9977
0.9977
0.9977
0.9976
0.9976
0.9976
0.9979
0.9983
0.9984
0.9983
0.9981
0.9975
0.9968
0.9966
0.9965
0.9964
0.9964
0.9962
0.9960
0.9959
0.9958
0.9956
0.9959
0.9962
0.9964
0.9969
0.9974
0.9974
0.9974
0.9976
0.9977
0.9978
0.9981
0.9985
0.9989
0.9991
0.9992
0.9995
0.9995
0.9994
0.9994
0.9995
0.9994
0.9994
0.9996
0.9998
1.0000
1.0001
1.0003
1.0002
1.0003
1.0001
1.0000
0.9999
0.9999
0.9999
0.9999
0.9999
0.9999
0.9999
0.9999
0.9998
0.9996
0.9995
0.9993
0.9993
0.9993
0.9993
0.9995
0.9996
0.9995
0.9995
0.9996
0.9996
0.9996
0.9995
0.9995
0.9994
0.9994
0.9994
0.9994
0.9994
0.9994
0.9995
0.9995
0.9994
0.9995
0.9994
0.9992
0.9992
0.9991
0.9989
0.9987
0.9986
0.9985
0.9986
0.9988
0.9988
0.9989
0.9991
0.9991
0.9992
0.9994
0.9996
0.9996
0.9999
1.0000
1.0002
1.0002
1.0004
1.0005
1.0006
1.0007
1.0008
1.0008
1.0007
1.0009
1.0010
1.0011
1.0011
1.0013
1.0013
1.0013
1.0013
1.0013
1.0013
1.0014
1.0014
1.0015
1.0014
1.0013
1.0012
1.0013
1.0012
1.0012
1.0013
1.0013
1.0013
1.0011
1.0012
1.0011
1.0011
1.0012
1.0013
1.0013
1.0013
1.0013
1.0013
1.0013
1.0014
1.0014
1.0015
1.0017
1.0018
1.0018
1.0018
1.0017
1.0017
1.0016
1.0016
1.0016
1.0016
1.0016
1.0016
1.0017
1.0018
1.0020
1.0020
1.0021
1.0019
1.0019
1.0019
1.0019
1.0018
1.0019
1.0020
1.0019
1.0019
1.0019
1.0020
1.0020
1.0020
1.0020
1.0021
1.0020
1.0020
1.0021
1.0020
1.0019
1.0019
1.0019
1.0019
1.0019
1.0019
1.0020
1.0019
1.0019
1.0019
1.0018
1.0017
1.0018
1.0018
1.0017
1.0017
1.0017
1.0016
1.0015
1.0015
1.0014
1.0015
1.0015
1.0016
1.0017
1.0017
1.0016
1.0016
1.0015
1.0016
1.0017
1.0018
1.0018
1.0019
1.0019
1.0018
1.0018
1.0018
1.0019
1.0018
1.0019
1.0019
1.0020
1.0020
1.0020
1.0020
1.0020
1.0019
1.0019
1.0018
1.0018
1.0018
1.0018
1.0019
1.0020
1.0021
1.0021
1.0021
1.0020
1.0020
1.0020
1.0019
1.0019
1.0020
1.0019
1.0018
1.0018
1.0018
1.0018
1.0019
1.0019
1.0019
1.0020
1.0020
1.0019
1.0019
1.0018
1.0017
1.0016
1.0016
1.0016
1.0014
1.0014
1.0013
1.0012
1.0012
1.0011
1.0010
1.0010
1.0010
1.0009
1.0009
1.0010
1.0011
1.0011
1.0011
1.0011
1.0011
1.0011
1.0011
1.0012
1.0012
1.0012
1.0012
1.0012
1.0013
1.0013
1.0013
1.0014
1.0014
1.0014
1.0015
1.0015
1.0015
1.0014
1.0014
1.0014
1.0013
1.0013
1.0014
1.0013
1.0013
1.0013
1.0013
1.0013
1.0013
1.0013
1.0013
1.0012
1.0012
1.0013
1.0013
1.0012
1.0012
1.0012
1.0011
1.0011
1.0012
1.0012
1.0012
1.0012
1.0012
1.0012
1.0013
1.0012
1.0012
1.0012
1.0011
1.0011
1.0010
1.0010
1.0010
1.0010
1.0010
1.0009
1.0009
1.0008
1.0007
1.0005
1.0006
1.0006
1.0006
1.0007
1.0007
1.0007
1.0007
1.0007
1.0007
1.0008
1.0007
1.0007
1.0008
1.0008
1.0008
1.0009
1.0009
1.0009
1.0009
1.0008
1.0008
1.0008
1.0008
1.0008
1.0008
1.0008
1.0007
1.0007
1.0007
1.0007
1.0008
1.0008
1.0009
1.0009
1.0009
1.0009
1.0009
1.0009
1.0008
1.0008
1.0008
1.0008
1.0008
1.0009
1.0010
1.0009
1.0009
1.0009
1.0008
1.0007
1.0007
1.0007
1.0007
1.0006
1.0007
1.0007
1.0008
1.0007
1.0006
1.0006
1.0006
1.0006
1.0007
1.0008
1.0008
1.0009
1.0009
1.0009
1.0008
1.0008
1.0008
1.0007
1.0006
1.0006
1.0006
1.0005
1.0004
1.0004
1.0004
1.0003
1.0003
1.0004
1.0004
1.0004
1.0005
1.0005
1.0005
1.0005
1.0005
1.0004
1.0004
1.0003
1.0003
1.0003
1.0004
1.0004
1.0005
1.0005
1.0005
1.0005
1.0006
1.0006
1.0006
1.0005
1.0005
1.0004
1.0004
1.0004
1.0004
1.0004
1.0004
1.0004
1.0004
1.0004
1.0004
1.0003
1.0003
1.0002
1.0001
1.0001
0.9999
0.9999
0.9999
0.9999
1.0000
1.0001
1.0002
1.0002
1.0003
1.0003
1.0003
1.0003
1.0002
1.0003
1.0003
1.0002
1.0003
1.0002
1.0002
1.0003
1.0002
1.0002
1.0003
1.0003
1.0003
1.0004
1.0004
1.0004
1.0004
1.0003
1.0002
1.0002
1.0003
1.0003
1.0002
1.0002
1.0002
1.0002
1.0002
1.0003
1.0003
1.0003
1.0003
1.0003
1.0003
1.0003
1.0004
1.0003
1.0003
1.0003
1.0002
1.0002
1.0002
1.0002
1.0003
1.0004
1.0004
1.0005
1.0005
1.0005
1.0005
1.0004
1.0003
1.0003
1.0003
1.0002
1.0002
1.0003
1.0003
1.0003
1.0004
1.0004
1.0004
1.0004
1.0005
1.0004
1.0004
1.0003
1.0003
1.0003
1.0003
1.0004
1.0004
1.0005
1.0005
1.0005
1.0005
1.0005
1.0005
1.0005
1.0005
1.0005
1.0004
1.0004
1.0005
1.0005
1.0004
1.0004
1.0004
1.0003
1.0003
1.0003
1.0004
1.0004
1.0004
1.0003
1.0004
1.0004
1.0004
1.0004
1.0005
1.0005
1.0005
1.0004
1.0005
1.0004
1.0004
1.0004
1.0004
1.0003
1.0003
1.0002
1.0002
1.0003
1.0003
1.0003
1.0003
1.0004
1.0004
1.0004
1.0004
1.0004
1.0003
1.0003
1.0003
1.0004
1.0004
1.0005
1.0005
1.0005
1.0004
1.0004
1.0004
1.0004
1.0005
1.0005
1.0005
1.0005
1.0004
1.0004
1.0004
1.0004
1.0004
1.0004
1.0004
1.0004
1.0004
1.0004
1.0004
1.0004
1.0004
1.0004
1.0004
1.0005
1.0005
1.0005
1.0005
1.0005
1.0005
1.0005
1.0005
1.0005
1.0005
1.0005
1.0004
1.0005
1.0005
1.0005
1.0005
1.0005
1.0005
1.0004
1.0004
1.0003
1.0003
1.0003
1.0003
1.0004
1.0005
1.0006
1.0006
1.0006
1.0006
1.0005
1.0004
1.0003
1.0003
1.0004
1.0004
1.0004
1.0005
1.0005
1.0005
1.0005
1.0004
1.0004
1.0004
1.0004
1.0004
1.0004
1.0003
1.0003
1.0003
1.0003
1.0003
1.0003
1.0003
1.0003
1.0003
1.0002
1.0003
1.0003
1.0003
1.0004
1.0004
1.0004
1.0004
1.0003
1.0003
1.0003
1.0003
1.0003
1.0003
1.0003
1.0004
1.0004
1.0005
1.0005
1.0005
1.0005
1.0005
1.0005
1.0005
1.0005
1.0005
1.0004
1.0004
1.0003
1.0002
1.0002
1.0002
1.0002
1.0003
1.0004
1.0005
1.0006
1.0007
1.0006
1.0006
1.0005
1.0003
1.0002
1.0002
1.0001
1.0002
1.0002
1.0002
1.0003
1.0004
1.0004
1.0005
1.0006
1.0006
1.0005
1.0005
1.0005
1.0005
1.0005
1.0004
1.0004
1.0004
1.0003
1.0002
1.0002
1.0002
1.0003
1.0003
1.0004
1.0004
1.0004
1.0004
1.0003
1.0003
1.0004
1.0003
1.0003
1.0003
1.0003
1.0003
1.0004
1.0005
1.0005
1.0005
1.0005
1.0004
1.0003
1.0003
1.0003
1.0002
1.0002
1.0002
1.0002
1.0002
1.0003
1.0003
1.0004
1.0004
1.0003
1.0003
1.0003
1.0003
1.0003
1.0003
1.0003
1.0003
1.0003
1.0002
1.0002
1.0002
1.0002
1.0002
1.0003
1.0003
1.0004
1.0003
1.0003
1.0003
1.0003
1.0003
1.0003
1.0003
1.0003
1.0004
1.0003
1.0003
1.0003
1.0003
1.0003
1.0003
1.0003
1.0004
1.0004
1.0004
1.0004
1.0004
1.0003
1.0002
1.0002
1.0003
1.0003
1.0003
1.0004
1.0004
1.0003
1.0003
1.0003
1.0003
1.0003
1.0003
1.0004
1.0004
1.0004
1.0004
1.0004
1.0004
1.0004
1.0004
1.0005
1.0005
1.0005
1.0005
1.0004
1.0004
1.0003
1.0004
1.0003
1.0004
1.0003
1.0004
1.0003
1.0003
1.0004
1.0004
1.0004
1.0005
1.0005
1.0004
1.0004
1.0004
1.0004
1.0004
1.0004
1.0004
1.0004
1.0004
1.0005
1.0005
1.0005
1.0005
1.0005
1.0006
1.0005
1.0005
1.0005
1.0005
1.0005
1.0005
1.0005
1.0005
1.0005
1.0005
1.0005
1.0006
1.0006
1.0006
1.0006
1.0005
1.0006
1.0005
1.0005
1.0005
1.0004
1.0004
1.0004
1.0004
1.0004
1.0004
1.0004
1.0004
1.0004
1.0005
1.0005
1.0005
1.0005
1.0005
1.0006
1.0006
1.0006
1.0006
1.0006
1.0006
1.0006
1.0006
1.0006
1.0006
1.0006
1.0006
1.0006
1.0006
1.0006
1.0006
1.0006
1.0006
1.0006
1.0006
1.0005
1.0005
1.0005
1.0005
1.0005
1.0005
1.0006
1.0007
1.0007
1.0007
1.0007
1.0007
1.0007
1.0007
1.0007
1.0007
1.0007
1.0007
1.0006
1.0006
1.0007
1.0007
1.0006
1.0006
1.0007
1.0006
1.0007
1.0007
1.0007
1.0007
1.0007
1.0007
1.0008
1.0009
1.0009
1.0008
1.0008
1.0007
1.0007
1.0007
1.0008
1.0008
1.0007
1.0008
1.0008
1.0007
1.0007
1.0007
1.0007
1.0006
1.0007
1.0007
1.0007
1.0008
1.0009
1.0008
1.0008
1.0008
1.0008
1.0008
1.0008
1.0008
1.0008
1.0008
1.0009
1.0008
1.0008
1.0008
1.0008
1.0008
1.0008
1.0009
1.0010
1.0009
1.0009
1.0010
1.0010
1.0009
1.0010
1.0009
1.0009
1.0009
1.0008
1.0008
1.0008
1.0008
1.0008
1.0009
1.0010
1.0010
1.0011
1.0010
1.0009
1.0009
1.0010
1.0009
1.0009
1.0010
1.0010
1.0010
1.0010
1.0010
1.0010
1.0010
1.0010
1.0009
1.0009
1.0009
1.0009
1.0009
1.0009
1.0009
1.0009
1.0009
1.0008
1.0009
1.0009
1.0009
1.0010
1.0011
1.0011
1.0012
1.0012
1.0012
1.0011
1.0010
1.0010
1.0010
1.0010
1.0010
1.0011
1.0010
1.0010
1.0011
1.0010
1.0010
1.0010
1.0010
1.0010
1.0009
1.0010
1.0010
1.0010
1.0010
1.0010
1.0010
1.0010
1.0009
1.0009
1.0009
1.0009
1.0009
1.0009
1.0008
1.0009
1.0008
1.0008
1.0009
1.0009
1.0009
1.0010
1.0010
1.0010
1.0010
1.0010
1.0010
1.0011
1.0011
1.0010
1.0010
1.0009
1.0010
1.0011
1.0011
1.0011
1.0012
1.0011
1.0011
1.0010
1.0010
1.0011
1.0010
1.0011
1.0012
1.0012
1.0012
1.0012
1.0012
1.0011
1.0011
1.0011
1.0011
1.0011
1.0011
1.0011
1.0012
1.0012
1.0012
1.0012
1.0012
1.0011
1.0012
1.0012
1.0012
1.0011
1.0011
1.0010
1.0010
1.0009
1.0010
1.0011
1.0011
1.0012
1.0011
1.0011
1.0011
1.0011
1.0010
1.0010
1.0011
1.0010
1.0011
1.0012
1.0012
1.0011
1.0011
1.0010
1.0010
1.0010
1.0010
1.0011
1.0011
1.0010
1.0011
1.0011
1.0012
1.0013
1.0014
1.0013
1.0013
1.0013
1.0012
1.0011
1.0011
1.0011
1.0011
1.0011
1.0012
1.0012
1.0012
1.0012
1.0011
1.0011
1.0012
1.0012
1.0012
1.0012
1.0012
1.0012
1.0012
1.0011
1.0011
1.0011
1.0011
1.0011
1.0011
1.0013
1.0013
1.0013
1.0013
1.0012
1.0010
1.0009
1.0009
1.0009
1.0010
1.0010
1.0012
1.0012
1.0012
1.0012
1.0012
1.0012
1.0011
1.0012
1.0011
1.0011
1.0010
1.0012
1.0013
1.0013
1.0013
1.0014
1.0013
1.0013
1.0014
1.0013
1.0012
1.0012
1.0011
1.0011
1.0011
1.0011
1.0012
1.0012
1.0012
1.0012
1.0011
1.0012
1.0010
1.0009
1.0010
1.0010
1.0010
1.0011
1.0012
1.0010
1.0010
1.0011
1.0011
1.0012
1.0014
1.0014
1.0014
1.0013
1.0012
1.0012
1.0011
1.0012
1.0013
1.0014
1.0013
1.0014
1.0013
1.0012
1.0012
1.0013
1.0013
1.0014
1.0015
1.0015
1.0015
1.0014
1.0013
1.0012
1.0012
1.0013
1.0013
1.0013
1.0013
1.0013
1.0013
1.0013
1.0015
1.0016
1.0015
1.0015
1.0015
1.0013
1.0014
1.0014
1.0014
1.0015
1.0014
1.0015
1.0016
1.0015
1.0015
1.0014
1.0013
1.0013
1.0013
1.0014
1.0013
1.0014
1.0013
1.0014
1.0014
1.0014
1.0014
1.0014
1.0014
1.0013
1.0014
1.0013
1.0013
1.0014
1.0015
1.0015
1.0017
1.0016
1.0016
1.0016
1.0016
1.0014
1.0014
1.0014
1.0014
1.0014
1.0015
1.0014
1.0015
1.0014
1.0015
1.0014
1.0015
1.0013
1.0014
1.0013
1.0014
1.0015
1.0017
1.0016
1.0016
1.0016
1.0015
1.0014
1.0015
1.0016
1.0015
1.0015
1.0016
1.0016
1.0015
1.0016
1.0017
1.0017
1.0017
1.0017
1.0016
1.0016
1.0016
1.0016
1.0016
1.0016
1.0016
1.0016
1.0016
1.0015
1.0015
1.0014
1.0014
1.0015
1.0016
1.0015
1.0015
1.0015
1.0014
1.0013
1.0013
1.0014
1.0015
1.0016
1.0017
1.0018
1.0018
1.0018
1.0018
1.0018
1.0017
1.0015
1.0014
1.0014
1.0014
1.0015
1.0017
1.0017
1.0018
1.0018
1.0018
1.0017
1.0017
1.0017
1.0016
1.0015
1.0016
1.0016
1.0016
1.0017
1.0017
1.0017
1.0017
1.0018
1.0017
1.0017
1.0017
1.0017
1.0017
1.0017
1.0017
1.0018
1.0018
1.0016
1.0017
1.0017
1.0016
1.0016
1.0018
1.0019
1.0019
1.0019
1.0020
1.0019
1.0018
1.0019
1.0018
1.0018
1.0019
1.0018
1.0017
1.0018
1.0019
1.0019
1.0019
1.0019
1.0019
1.0020
1.0020
1.0020
1.0021
1.0021
1.0020
1.0019
1.0019
1.0019
1.0019
1.0018
1.0018
1.0019
1.0018
1.0018
1.0019
1.0020
1.0022
1.0023
1.0024
1.0025
1.0024
1.0021
1.0020
1.0019
1.0018
1.0019
1.0020
1.0020
1.0020
1.0021
1.0019
1.0018
1.0016
1.0013
1.0012
1.0014
1.0016
1.0018
1.0021
1.0022
1.0022
1.0021
1.0022
1.0022
1.0021
1.0023
1.0023
1.0022
1.0022
1.0022
1.0022
1.0023
1.0023
1.0022
1.0023
1.0022
1.0021
1.0022
1.0022
1.0021
1.0021
1.0021
1.0020
1.0020
1.0019
1.0020
1.0021
1.0021
1.0022
1.0023
1.0021
1.0020
1.0021
1.0025
1.0026
1.0026
1.0027
1.0027
1.0022
1.0022
1.0022
1.0022
1.0023
1.0023
1.0023
1.0025
1.0024
1.0024
1.0025
1.0024
1.0024
1.0024
1.0023
1.0021
1.0021
1.0021
1.0021
1.0023
1.0024
1.0025
1.0024
1.0025
1.0024
1.0023
1.0023
1.0024
1.0024
1.0026
1.0027
1.0026
1.0024
1.0023
1.0023
1.0021
1.0022
1.0024
1.0023
1.0023
1.0024
1.0024
1.0024
1.0025
1.0024
1.0024
1.0024
1.0025
1.0024
1.0026
1.0025
1.0025
1.0023
1.0023
1.0022
1.0022
1.0022
1.0022
1.0021
1.0020
1.0019
1.0020
1.0021
1.0022
1.0021
1.0022
1.0022
1.0023
1.0023
1.0023
1.0023
1.0024
1.0024
1.0024
1.0024
1.0024
1.0023
1.0022
1.0022
1.0023
1.0023
1.0021
1.0021
1.0019
1.0017
1.0015
1.0014
1.0015
1.0015
1.0016
1.0017
1.0018
1.0021
1.0021
1.0020
1.0026
1.0039
1.0040
1.0054
1.0123
1.0461
1.0217
1.0259
