1.0122
1.0368
1.0185
0.8881
0.2737
-4.2243
2.5708
2.3893
2.3844
2.5431
2.7374
2.9046
3.0552
2.8635
2.6709
2.8952
2.7546
2.8145
3.2240
3.3613
2.5841
2.3902
2.3450
2.2955
2.1895
2.4609
2.4526
2.3398
2.3278
2.6822
2.5165
3.0316
3.1553
3.4512
2.3066
2.2919
2.0966
2.0511
1.9247
2.0522
2.0588
2.1803
2.1785
2.2175
2.4069
2.4556
2.1335
2.1747
2.1126
1.9296
1.9433
1.9856
1.9069
1.8729
2.0025
1.8955
1.9136
1.9351
1.9297
1.9063
1.9704
1.9806
2.0932
2.1311
2.0945
2.1004
2.0998
2.0937
2.1521
2.1600
2.0522
1.9606
1.9214
1.8564
1.8261
1.8838
1.9505
1.8626
1.9139
1.8308
1.8155
1.7707
1.8233
1.8267
1.8393
1.8272
1.8305
1.8086
1.7694
1.8692
1.8444
1.8282
1.8057
1.8364
1.7967
1.8136
1.8468
1.8277
1.8320
1.8216
1.7922
1.7684
1.8176
1.7463
1.7391
1.7705
1.7983
1.7545
1.8097
1.7616
1.7304
1.7153
1.7015
1.6958
1.7082
1.6662
1.6741
1.6828
1.6574
1.6615
1.6548
1.6096
1.6058
1.6030
1.6127
1.6268
1.6445
1.6160
1.6155
1.5839
1.5860
1.5803
1.6012
1.6284
1.6656
1.6724
1.6733
1.6835
1.6458
1.6387
1.6361
1.6331
1.6233
1.6463
1.6415
1.6299
1.6300
1.6644
1.6347
1.6394
1.6263
1.6396
1.6206
1.6364
1.6524
1.7134
1.7220
1.7064
1.7663
1.7668
1.7162
1.7401
1.7999
1.7873
1.7888
1.8516
1.8737
1.8492
1.7222
1.7475
1.7343
1.7324
1.7516
1.9124
1.8090
1.8662
1.8500
1.7917
1.7775
1.8190
1.7616
1.7600
1.7999
1.7693
1.7866
1.8478
1.8706
1.8488
1.9212
1.8968
1.8953
1.8864
1.8859
1.8656
1.8634
1.8105
1.8369
1.8085
1.7684
1.7910
1.8180
1.7743
1.7584
1.7501
1.7609
1.7896
1.7798
1.7789
1.8356
1.7442
1.7093
1.6829
1.6866
1.6428
1.6276
1.5984
1.6118
1.6107
1.5901
1.5614
1.5609
1.5149
1.4751
1.4330
1.4145
1.3808
1.3735
1.3698
1.3855
1.3896
1.3950
1.3735
1.3480
1.3085
1.2748
1.2419
1.2136
1.1876
1.1692
1.1465
1.1279
1.1097
1.0956
1.0840
1.0902
1.0991
1.1216
1.1425
1.1510
1.1330
1.1081
1.0763
1.0549
1.0360
1.0231
1.0123
1.0049
0.9919
0.9830
0.9767
0.9713
0.9640
0.9624
0.9631
0.9700
0.9809
0.9970
1.0096
1.0224
1.0196
1.0095
0.9960
0.9887
0.9777
0.9711
0.9659
0.9622
0.9586
0.9568
0.9560
0.9549
0.9545
0.9535
0.9529
0.9541
0.9545
0.9552
0.9596
0.9660
0.9706
0.9764
0.9793
0.9775
0.9729
0.9699
0.9689
0.9681
0.9683
0.9678
0.9674
0.9669
0.9667
0.9656
0.9667
0.9671
0.9664
0.9664
0.9672
0.9664
0.9660
0.9668
0.9682
0.9702
0.9737
0.9770
0.9794
0.9809
0.9805
0.9784
0.9770
0.9779
0.9777
0.9780
0.9785
0.9783
0.9780
0.9790
0.9786
0.9789
0.9803
0.9802
0.9798
0.9811
0.9820
0.9818
0.9822
0.9836
0.9842
0.9839
0.9842
0.9850
0.9867
0.9889
0.9908
0.9926
0.9934
0.9919
0.9892
0.9882
0.9884
0.9880
0.9885
0.9887
0.9882
0.9886
0.9890
0.9884
0.9891
0.9902
0.9892
0.9893
0.9901
0.9897
0.9890
0.9897
0.9905
0.9902
0.9903
0.9911
0.9915
0.9916
0.9919
0.9930
0.9950
0.9964
0.9970
0.9974
0.9969
0.9952
0.9936
0.9937
0.9935
0.9937
0.9938
0.9935
0.9933
0.9936
0.9931
0.9929
0.9935
0.9932
0.9928
0.9935
0.9936
0.9931
0.9933
0.9937
0.9937
0.9935
0.9939
0.9945
0.9949
0.9950
0.9952
0.9954
0.9955
0.9959
0.9971
0.9984
0.9991
0.9996
0.9995
0.9987
0.9975
0.9971
0.9968
0.9965
0.9967
0.9966
0.9965
0.9968
0.9970
0.9967
0.9971
0.9972
0.9969
0.9971
0.9976
0.9973
0.9974
0.9976
0.9978
0.9975
0.9976
0.9977
0.9976
0.9975
0.9976
0.9977
0.9977
0.9977
0.9976
0.9976
0.9976
0.9979
0.9983
0.9984
0.9983
0.9981
0.9975
0.9968
0.9966
0.9965
0.9964
0.9964
0.9961
0.9960
0.9959
0.9958
0.9956
0.9959
0.9962
0.9964
0.9969
0.9974
0.9974
0.9974
0.9976
0.9977
0.9978
0.9981
0.9985
0.9989
0.9991
0.9992
0.9995
0.9995
0.9994
0.9994
0.9995
0.9995
0.9994
0.9996
0.9998
0.9999
1.0001
1.0003
1.0002
1.0003
1.0001
1.0000
0.9999
0.9999
0.9999
0.9999
0.9999
0.9999
0.9999
0.9999
0.9998
0.9996
0.9995
0.9993
0.9993
0.9993
0.9993
0.9995
0.9996
0.9995
0.9995
0.9996
0.9996
0.9996
0.9995
0.9995
0.9994
0.9994
0.9994
0.9994
0.9994
0.9994
0.9995
0.9995
0.9994
0.9995
0.9994
0.9992
0.9992
0.9991
0.9989
0.9987
0.9986
0.9986
0.9986
0.9988
0.9988
0.9989
0.9991
0.9991
0.9992
0.9994
0.9996
0.9996
0.9998
1.0000
1.0002
1.0002
1.0004
1.0005
1.0006
1.0007
1.0008
1.0008
1.0008
1.0009
1.0010
1.0011
1.0011
1.0013
1.0013
1.0013
1.0013
1.0013
1.0013
1.0014
1.0014
1.0015
1.0014
1.0013
1.0012
1.0013
1.0012
1.0012
1.0013
1.0013
1.0013
1.0011
1.0012
1.0011
1.0011
1.0012
1.0013
1.0013
1.0013
1.0013
1.0013
1.0013
1.0014
1.0014
1.0015
1.0017
1.0018
1.0018
1.0018
1.0017
1.0017
1.0016
1.0016
1.0016
1.0016
1.0016
1.0016
1.0017
1.0018
1.0020
1.0020
1.0021
1.0020
1.0019
1.0019
1.0019
1.0019
1.0019
1.0020
1.0020
1.0019
1.0019
1.0020
1.0020
1.0020
1.0020
1.0021
1.0020
1.0020
1.0021
1.0020
1.0019
1.0019
1.0019
1.0019
1.0019
1.0019
1.0020
1.0019
1.0019
1.0019
1.0018
1.0017
1.0018
1.0018
1.0017
1.0017
1.0017
1.0016
1.0015
1.0015
1.0014
1.0015
1.0015
1.0016
1.0017
1.0017
1.0016
1.0016
1.0015
1.0016
1.0017
1.0018
1.0018
1.0019
1.0019
1.0018
1.0017
1.0018
1.0019
1.0018
1.0019
1.0020
1.0020
1.0020
1.0020
1.0020
1.0020
1.0019
1.0019
1.0018
1.0018
1.0018
1.0018
1.0019
1.0020
1.0021
1.0021
1.0021
1.0020
1.0020
1.0020
1.0019
1.0019
1.0020
1.0019
1.0018
1.0018
1.0018
1.0018
1.0019
1.0019
1.0020
1.0020
1.0020
1.0019
1.0019
1.0018
1.0017
1.0016
1.0016
1.0016
1.0014
1.0014
1.0013
1.0012
1.0012
1.0011
1.0010
1.0010
1.0010
1.0009
1.0009
1.0010
1.0011
1.0011
1.0011
1.0011
1.0010
1.0011
1.0011
1.0011
1.0012
1.0012
1.0012
1.0012
1.0012
1.0013
1.0013
1.0013
1.0014
1.0014
1.0015
1.0015
1.0015
1.0014
1.0014
1.0014
1.0014
1.0013
1.0014
1.0013
1.0013
1.0013
1.0013
1.0012
1.0013
1.0013
1.0013
1.0012
1.0013
1.0013
1.0013
1.0012
1.0012
1.0012
1.0011
1.0011
1.0012
1.0012
1.0012
1.0012
1.0012
1.0012
1.0013
1.0012
1.0012
1.0012
1.0011
1.0011
1.0010
1.0010
1.0010
1.0010
1.0010
1.0009
1.0009
1.0008
1.0007
1.0005
1.0006
1.0006
1.0006
1.0007
1.0007
1.0007
1.0007
1.0007
1.0007
1.0008
1.0007
1.0007
1.0008
1.0008
1.0008
1.0008
1.0009
1.0009
1.0009
1.0008
1.0008
1.0008
1.0008
1.0008
1.0008
1.0008
1.0007
1.0007
1.0007
1.0007
1.0007
1.0008
1.0009
1.0009
1.0009
1.0009
1.0009
1.0009
1.0008
1.0008
1.0008
1.0008
1.0008
1.0009
1.0010
1.0009
1.0009
1.0009
1.0008
1.0007
1.0007
1.0007
1.0006
1.0006
1.0007
1.0007
1.0007
1.0007
1.0006
1.0006
1.0006
1.0006
1.0007
1.0008
1.0008
1.0009
1.0009
1.0009
1.0008
1.0008
1.0007
1.0007
1.0006
1.0006
1.0006
1.0005
1.0004
1.0004
1.0003
1.0003
1.0003
1.0004
1.0004
1.0004
1.0005
1.0005
1.0005
1.0005
1.0004
1.0004
1.0004
1.0003
1.0003
1.0003
1.0004
1.0004
1.0005
1.0005
1.0005
1.0005
1.0006
1.0006
1.0006
1.0005
1.0005
1.0004
1.0004
1.0004
1.0004
1.0004
1.0004
1.0004
1.0004
1.0004
1.0004
1.0003
1.0002
1.0002
1.0001
1.0000
0.9999
0.9999
0.9999
0.9999
1.0000
1.0001
1.0002
1.0002
1.0003
1.0003
1.0003
1.0003
1.0002
1.0003
1.0003
1.0002
1.0003
1.0003
1.0002
1.0003
1.0002
1.0002
1.0003
1.0003
1.0003
1.0004
1.0004
1.0004
1.0004
1.0003
1.0003
1.0003
1.0003
1.0003
1.0002
1.0002
1.0002
1.0002
1.0002
1.0003
1.0003
1.0003
1.0003
1.0003
1.0003
1.0003
1.0003
1.0003
1.0003
1.0003
1.0002
1.0002
1.0002
1.0002
1.0003
1.0004
1.0004
1.0005
1.0005
1.0005
1.0005
1.0004
1.0003
1.0003
1.0003
1.0002
1.0002
1.0003
1.0003
1.0003
1.0004
1.0004
1.0004
1.0004
1.0005
1.0004
1.0004
1.0003
1.0003
1.0003
1.0003
1.0004
1.0004
1.0005
1.0005
1.0005
1.0005
1.0005
1.0005
1.0005
1.0005
1.0005
1.0004
1.0004
1.0005
1.0004
1.0004
1.0004
1.0004
1.0003
1.0003
1.0003
1.0004
1.0004
1.0003
1.0003
1.0004
1.0003
1.0004
1.0004
1.0005
1.0005
1.0005
1.0004
1.0005
1.0004
1.0004
1.0004
1.0004
1.0003
1.0003
1.0003
1.0002
1.0003
1.0003
1.0003
1.0003
1.0004
1.0004
1.0004
1.0004
1.0004
1.0003
1.0003
1.0003
1.0004
1.0004
1.0005
1.0005
1.0005
1.0004
1.0004
1.0004
1.0004
1.0005
1.0005
1.0005
1.0005
1.0004
1.0004
1.0004
1.0004
1.0004
1.0004
1.0004
1.0004
1.0004
1.0004
1.0004
1.0004
1.0004
1.0004
1.0004
1.0005
1.0005
1.0005
1.0005
1.0005
1.0006
1.0006
1.0005
1.0005
1.0005
1.0005
1.0004
1.0005
1.0005
1.0005
1.0005
1.0005
1.0005
1.0004
1.0004
1.0003
1.0003
1.0003
1.0003
1.0004
1.0005
1.0006
1.0006
1.0006
1.0006
1.0005
1.0004
1.0003
1.0003
1.0004
1.0004
1.0004
1.0005
1.0005
1.0005
1.0005
1.0004
1.0004
1.0004
1.0004
1.0004
1.0004
1.0003
1.0003
1.0003
1.0003
1.0003
1.0003
1.0003
1.0003
1.0003
1.0002
1.0003
1.0003
1.0003
1.0004
1.0004
1.0004
1.0004
1.0003
1.0003
1.0003
1.0003
1.0003
1.0003
1.0003
1.0004
1.0004
1.0005
1.0005
1.0005
1.0005
1.0005
1.0005
1.0005
1.0005
1.0005
1.0004
1.0004
1.0003
1.0002
1.0002
1.0002
1.0002
1.0003
1.0004
1.0005
1.0006
1.0007
1.0006
1.0006
1.0005
1.0003
1.0002
1.0002
1.0001
1.0002
1.0002
1.0002
1.0003
1.0004
1.0004
1.0005
1.0006
1.0006
1.0005
1.0005
1.0005
1.0005
1.0005
1.0004
1.0004
1.0003
1.0003
1.0002
1.0002
1.0002
1.0003
1.0003
1.0004
1.0004
1.0004
1.0004
1.0003
1.0003
1.0004
1.0003
1.0003
1.0003
1.0003
1.0003
1.0004
1.0005
1.0005
1.0005
1.0005
1.0004
1.0003
1.0003
1.0003
1.0002
1.0002
1.0002
1.0002
1.0002
1.0003
1.0003
1.0004
1.0003
1.0003
1.0003
1.0003
1.0003
1.0003
1.0003
1.0003
1.0003
1.0003
1.0002
1.0002
1.0002
1.0002
1.0002
1.0003
1.0003
1.0003
1.0003
1.0003
1.0003
1.0003
1.0003
1.0003
1.0003
1.0003
1.0003
1.0003
1.0003
1.0003
1.0003
1.0003
1.0003
1.0003
1.0004
1.0004
1.0004
1.0004
1.0003
1.0003
1.0002
1.0002
1.0003
1.0003
1.0004
1.0004
1.0004
1.0003
1.0003
1.0003
1.0003
1.0003
1.0003
1.0004
1.0004
1.0004
1.0004
1.0004
1.0004
1.0004
1.0004
1.0005
1.0005
1.0005
1.0005
1.0004
1.0004
1.0003
1.0003
1.0003
1.0004
1.0003
1.0004
1.0003
1.0003
1.0004
1.0004
1.0004
1.0005
1.0004
1.0004
1.0004
1.0004
1.0004
1.0004
1.0004
1.0004
1.0004
1.0004
1.0005
1.0005
1.0005
1.0005
1.0005
1.0006
1.0005
1.0005
1.0005
1.0005
1.0005
1.0005
1.0005
1.0005
1.0005
1.0005
1.0005
1.0006
1.0006
1.0006
1.0006
1.0005
1.0006
1.0005
1.0005
1.0005
1.0004
1.0004
1.0004
1.0004
1.0004
1.0004
1.0004
1.0004
1.0004
1.0005
1.0005
1.0005
1.0005
1.0006
1.0006
1.0006
1.0006
1.0006
1.0006
1.0006
1.0006
1.0006
1.0005
1.0006
1.0006
1.0006
1.0006
1.0006
1.0006
1.0006
1.0006
1.0006
1.0006
1.0006
1.0005
1.0005
1.0005
1.0005
1.0005
1.0005
1.0006
1.0007
1.0007
1.0007
1.0007
1.0007
1.0007
1.0007
1.0007
1.0007
1.0007
1.0007
1.0006
1.0006
1.0007
1.0007
1.0007
1.0006
1.0007
1.0006
1.0007
1.0007
1.0007
1.0007
1.0008
1.0007
1.0008
1.0009
1.0009
1.0008
1.0008
1.0007
1.0007
1.0007
1.0008
1.0008
1.0007
1.0007
1.0007
1.0007
1.0007
1.0007
1.0006
1.0006
1.0007
1.0007
1.0007
1.0008
1.0009
1.0008
1.0008
1.0008
1.0008
1.0008
1.0008
1.0008
1.0009
1.0008
1.0009
1.0008
1.0008
1.0008
1.0008
1.0009
1.0009
1.0009
1.0010
1.0009
1.0009
1.0010
1.0010
1.0009
1.0010
1.0009
1.0009
1.0009
1.0009
1.0008
1.0008
1.0008
1.0008
1.0009
1.0010
1.0010
1.0011
1.0010
1.0009
1.0009
1.0010
1.0010
1.0010
1.0010
1.0009
1.0010
1.0010
1.0010
1.0010
1.0010
1.0010
1.0009
1.0009
1.0009
1.0010
1.0009
1.0009
1.0009
1.0009
1.0009
1.0008
1.0009
1.0009
1.0009
1.0010
1.0011
1.0011
1.0012
1.0012
1.0012
1.0011
1.0010
1.0010
1.0010
1.0010
1.0010
1.0011
1.0011
1.0011
1.0011
1.0011
1.0010
1.0010
1.0010
1.0010
1.0009
1.0010
1.0010
1.0010
1.0010
1.0011
1.0010
1.0010
1.0009
1.0009
1.0009
1.0009
1.0009
1.0009
1.0008
1.0009
1.0008
1.0008
1.0009
1.0009
1.0009
1.0010
1.0010
1.0010
1.0011
1.0011
1.0010
1.0011
1.0011
1.0010
1.0010
1.0009
1.0010
1.0011
1.0011
1.0011
1.0012
1.0011
1.0011
1.0011
1.0011
1.0011
1.0011
1.0011
1.0012
1.0012
1.0012
1.0012
1.0012
1.0011
1.0011
1.0011
1.0011
1.0011
1.0011
1.0011
1.0012
1.0012
1.0012
1.0012
1.0012
1.0011
1.0012
1.0012
1.0012
1.0012
1.0011
1.0010
1.0010
1.0010
1.0010
1.0011
1.0011
1.0012
1.0012
1.0011
1.0011
1.0011
1.0010
1.0010
1.0011
1.0010
1.0011
1.0012
1.0012
1.0012
1.0011
1.0010
1.0010
1.0010
1.0010
1.0011
1.0011
1.0010
1.0011
1.0011
1.0012
1.0013
1.0014
1.0013
1.0013
1.0013
1.0013
1.0011
1.0011
1.0011
1.0011
1.0011
1.0012
1.0012
1.0012
1.0012
1.0011
1.0011
1.0012
1.0012
1.0012
1.0012
1.0013
1.0012
1.0012
1.0012
1.0011
1.0011
1.0011
1.0011
1.0011
1.0013
1.0013
1.0013
1.0013
1.0012
1.0010
1.0009
1.0009
1.0010
1.0010
1.0010
1.0012
1.0012
1.0012
1.0012
1.0012
1.0012
1.0011
1.0012
1.0011
1.0012
1.0011
1.0012
1.0013
1.0013
1.0013
1.0014
1.0013
1.0013
1.0014
1.0013
1.0012
1.0012
1.0012
1.0011
1.0011
1.0011
1.0012
1.0012
1.0012
1.0012
1.0011
1.0012
1.0010
1.0010
1.0010
1.0010
1.0010
1.0011
1.0012
1.0010
1.0011
1.0011
1.0011
1.0012
1.0014
1.0014
1.0014
1.0013
1.0012
1.0012
1.0012
1.0012
1.0013
1.0014
1.0013
1.0014
1.0014
1.0012
1.0012
1.0013
1.0013
1.0015
1.0015
1.0015
1.0015
1.0014
1.0013
1.0012
1.0012
1.0013
1.0013
1.0013
1.0013
1.0013
1.0013
1.0013
1.0015
1.0016
1.0015
1.0015
1.0015
1.0013
1.0014
1.0014
1.0014
1.0015
1.0014
1.0015
1.0016
1.0015
1.0015
1.0014
1.0013
1.0013
1.0013
1.0014
1.0014
1.0014
1.0013
1.0014
1.0014
1.0014
1.0014
1.0014
1.0014
1.0013
1.0014
1.0013
1.0013
1.0014
1.0015
1.0015
1.0017
1.0016
1.0016
1.0016
1.0016
1.0014
1.0014
1.0014
1.0014
1.0014
1.0015
1.0014
1.0015
1.0014
1.0015
1.0014
1.0015
1.0013
1.0014
1.0013
1.0014
1.0015
1.0016
1.0016
1.0016
1.0016
1.0015
1.0015
1.0015
1.0016
1.0016
1.0015
1.0016
1.0016
1.0015
1.0017
1.0018
1.0017
1.0017
1.0017
1.0016
1.0016
1.0016
1.0016
1.0016
1.0016
1.0016
1.0016
1.0016
1.0015
1.0015
1.0014
1.0014
1.0015
1.0015
1.0015
1.0015
1.0014
1.0014
1.0013
1.0013
1.0014
1.0015
1.0016
1.0017
1.0018
1.0018
1.0018
1.0017
1.0017
1.0016
1.0015
1.0014
1.0014
1.0014
1.0015
1.0017
1.0017
1.0018
1.0018
1.0018
1.0017
1.0017
1.0017
1.0016
1.0016
1.0016
1.0016
1.0016
1.0017
1.0017
1.0017
1.0017
1.0018
1.0017
1.0017
1.0017
1.0017
1.0016
1.0017
1.0017
1.0017
1.0018
1.0016
1.0017
1.0017
1.0016
1.0016
1.0018
1.0019
1.0019
1.0020
1.0020
1.0019
1.0018
1.0019
1.0018
1.0018
1.0019
1.0018
1.0017
1.0018
1.0018
1.0018
1.0019
1.0019
1.0018
1.0020
1.0020
1.0020
1.0021
1.0021
1.0020
1.0019
1.0019
1.0019
1.0019
1.0018
1.0018
1.0019
1.0018
1.0018
1.0019
1.0020
1.0022
1.0024
1.0024
1.0025
1.0024
1.0021
1.0020
1.0019
1.0018
1.0019
1.0020
1.0020
1.0020
1.0021
1.0019
1.0018
1.0016
1.0013
1.0012
1.0014
1.0016
1.0018
1.0021
1.0022
1.0022
1.0021
1.0022
1.0022
1.0021
1.0023
1.0023
1.0022
1.0022
1.0022
1.0022
1.0023
1.0023
1.0022
1.0023
1.0022
1.0022
1.0022
1.0022
1.0022
1.0021
1.0021
1.0020
1.0020
1.0019
1.0020
1.0021
1.0021
1.0022
1.0023
1.0021
1.0020
1.0021
1.0025
1.0026
1.0026
1.0027
1.0027
1.0023
1.0022
1.0022
1.0022
1.0023
1.0023
1.0023
1.0025
1.0025
1.0024
1.0025
1.0024
1.0024
1.0024
1.0023
1.0021
1.0021
1.0022
1.0021
1.0023
1.0024
1.0025
1.0024
1.0025
1.0024
1.0023
1.0023
1.0024
1.0024
1.0026
1.0027
1.0026
1.0024
1.0023
1.0023
1.0021
1.0022
1.0024
1.0024
1.0023
1.0024
1.0024
1.0023
1.0025
1.0024
1.0024
1.0024
1.0025
1.0024
1.0026
1.0025
1.0025
1.0023
1.0023
1.0022
1.0022
1.0022
1.0022
1.0021
1.0020
1.0019
1.0019
1.0021
1.0022
1.0021
1.0022
1.0022
1.0023
1.0022
1.0023
1.0022
1.0024
1.0024
1.0024
1.0024
1.0024
1.0023
1.0022
1.0022
1.0023
1.0023
1.0022
1.0021
1.0019
1.0017
1.0015
1.0014
1.0015
1.0015
1.0016
1.0017
1.0018
1.0021
1.0021
1.0021
1.0026
1.0039
1.0040
1.0054
1.0123
1.0461
1.0222
1.0262
