1.0122
1.0368
1.0185
0.8880
0.2742
-4.2200
2.5699
2.3878
2.3827
2.5411
2.7350
2.9019
3.0534
2.8615
2.6692
2.8944
2.7535
2.8130
3.2222
3.3593
2.5822
2.3878
2.3425
2.2934
2.1878
2.4581
2.4508
2.3385
2.3259
2.6805
2.5157
3.0305
3.1545
3.4514
2.3068
2.2924
2.0969
2.0510
1.9245
2.0518
2.0582
2.1798
2.1781
2.2171
2.4060
2.4543
2.1328
2.1732
2.1118
1.9296
1.9432
1.9854
1.9067
1.8722
2.0009
1.8946
1.9126
1.9351
1.9299
1.9070
1.9707
1.9806
2.0923
2.1304
2.0938
2.0998
2.0996
2.0934
2.1519
2.1593
2.0515
1.9597
1.9206
1.8556
1.8255
1.8835
1.9502
1.8624
1.9136
1.8304
1.8149
1.7704
1.8230
1.8266
1.8396
1.8275
1.8305
1.8085
1.7691
1.8685
1.8441
1.8277
1.8055
1.8361
1.7964
1.8130
1.8466
1.8268
1.8312
1.8211
1.7922
1.7682
1.8176
1.7465
1.7391
1.7704
1.7984
1.7546
1.8098
1.7617
1.7304
1.7152
1.7012
1.6955
1.7082
1.6660
1.6737
1.6828
1.6574
1.6611
1.6543
1.6095
1.6053
1.6025
1.6126
1.6270
1.6445
1.6164
1.6159
1.5841
1.5860
1.5805
1.6010
1.6281
1.6652
1.6720
1.6726
1.6829
1.6454
1.6381
1.6353
1.6325
1.6228
1.6456
1.6409
1.6294
1.6296
1.6642
1.6348
1.6395
1.6266
1.6397
1.6204
1.6360
1.6521
1.7127
1.7213
1.7057
1.7653
1.7659
1.7154
1.7397
1.7997
1.7872
1.7887
1.8515
1.8731
1.8483
1.7215
1.7465
1.7334
1.7317
1.7510
1.9117
1.8079
1.8648
1.8484
1.7904
1.7760
1.8183
1.7611
1.7597
1.7997
1.7691
1.7861
1.8473
1.8700
1.8479
1.9206
1.8962
1.8947
1.8854
1.8850
1.8647
1.8625
1.8097
1.8362
1.8079
1.7680
1.7905
1.8175
1.7737
1.7577
1.7494
1.7607
1.7894
1.7797
1.7788
1.8358
1.7440
1.7095
1.6835
1.6873
1.6432
1.6280
1.5981
1.6113
1.6100
1.5896
1.5607
1.5606
1.5146
1.4749
1.4326
1.4144
1.3806
1.3731
1.3694
1.3853
1.3891
1.3944
1.3733
1.3478
1.3081
1.2745
1.2417
1.2134
1.1874
1.1691
1.1464
1.1279
1.1096
1.0954
1.0837
1.0899
1.0988
1.1211
1.1422
1.1508
1.1328
1.1077
1.0760
1.0547
1.0358
1.0229
1.0123
1.0049
0.9918
0.9829
0.9766
0.9712
0.9639
0.9623
0.9631
0.9700
0.9808
0.9969
1.0095
1.0223
1.0196
1.0095
0.9961
0.9887
0.9776
0.9710
0.9657
0.9620
0.9584
0.9567
0.9559
0.9547
0.9544
0.9534
0.9528
0.9540
0.9544
0.9551
0.9594
0.9659
0.9705
0.9764
0.9793
0.9775
0.9729
0.9699
0.9689
0.9680
0.9682
0.9677
0.9673
0.9668
0.9666
0.9655
0.9665
0.9669
0.9662
0.9663
0.9671
0.9663
0.9659
0.9667
0.9681
0.9700
0.9735
0.9769
0.9792
0.9808
0.9804
0.9783
0.9769
0.9778
0.9776
0.9779
0.9784
0.9782
0.9779
0.9789
0.9786
0.9788
0.9802
0.9802
0.9798
0.9811
0.9820
0.9817
0.9822
0.9835
0.9841
0.9838
0.9841
0.9849
0.9866
0.9888
0.9908
0.9925
0.9933
0.9919
0.9891
0.9882
0.9884
0.9880
0.9885
0.9887
0.9882
0.9886
0.9890
0.9884
0.9891
0.9901
0.9892
0.9892
0.9901
0.9896
0.9889
0.9896
0.9904
0.9902
0.9903
0.9910
0.9915
0.9916
0.9919
0.9930
0.9949
0.9964
0.9970
0.9974
0.9969
0.9952
0.9936
0.9937
0.9935
0.9937
0.9937
0.9935
0.9933
0.9936
0.9931
0.9929
0.9935
0.9931
0.9928
0.9935
0.9936
0.9931
0.9933
0.9936
0.9937
0.9935
0.9939
0.9945
0.9949
0.9950
0.9952
0.9954
0.9955
0.9959
0.9971
0.9984
0.9991
0.9995
0.9995
0.9987
0.9975
0.9971
0.9968
0.9965
0.9966
0.9966
0.9965
0.9968
0.9970
0.9967
0.9971
0.9972
0.9969
0.9971
0.9976
0.9973
0.9974
0.9976
0.9978
0.9975
0.9976
0.9977
0.9976
0.9975
0.9976
0.9977
0.9977
0.9977
0.9977
0.9976
0.9976
0.9979
0.9983
0.9984
0.9983
0.9980
0.9974
0.9968
0.9966
0.9965
0.9964
0.9964
0.9961
0.9959
0.9959
0.9958
0.9956
0.9959
0.9962
0.9964
0.9969
0.9974
0.9974
0.9974
0.9976
0.9977
0.9978
0.9981
0.9985
0.9989
0.9991
0.9992
0.9995
0.9995
0.9994
0.9994
0.9995
0.9994
0.9994
0.9996
0.9998
0.9999
1.0001
1.0003
1.0002
1.0002
1.0001
1.0000
0.9999
0.9999
0.9999
0.9999
0.9999
0.9999
0.9999
0.9999
0.9998
0.9996
0.9995
0.9993
0.9993
0.9993
0.9993
0.9994
0.9995
0.9995
0.9995
0.9996
0.9996
0.9996
0.9995
0.9995
0.9994
0.9994
0.9994
0.9994
0.9994
0.9994
0.9995
0.9995
0.9994
0.9995
0.9994
0.9992
0.9992
0.9991
0.9988
0.9987
0.9986
0.9985
0.9986
0.9988
0.9988
0.9989
0.9991
0.9991
0.9992
0.9994
0.9996
0.9996
0.9998
1.0000
1.0001
1.0002
1.0004
1.0005
1.0005
1.0006
1.0008
1.0008
1.0007
1.0009
1.0010
1.0010
1.0011
1.0013
1.0013
1.0013
1.0013
1.0013
1.0013
1.0013
1.0013
1.0014
1.0013
1.0013
1.0012
1.0012
1.0012
1.0012
1.0013
1.0013
1.0012
1.0011
1.0012
1.0011
1.0011
1.0012
1.0013
1.0013
1.0013
1.0013
1.0013
1.0013
1.0014
1.0014
1.0015
1.0016
1.0018
1.0018
1.0018
1.0017
1.0017
1.0016
1.0016
1.0016
1.0016
1.0016
1.0016
1.0016
1.0017
1.0019
1.0020
1.0021
1.0019
1.0019
1.0019
1.0019
1.0018
1.0019
1.0020
1.0019
1.0019
1.0019
1.0020
1.0020
1.0019
1.0020
1.0021
1.0020
1.0020
1.0020
1.0020
1.0019
1.0019
1.0019
1.0019
1.0019
1.0019
1.0020
1.0019
1.0019
1.0019
1.0018
1.0017
1.0018
1.0017
1.0017
1.0017
1.0017
1.0016
1.0015
1.0014
1.0014
1.0014
1.0015
1.0016
1.0016
1.0017
1.0016
1.0016
1.0015
1.0016
1.0017
1.0018
1.0018
1.0019
1.0019
1.0018
1.0017
1.0018
1.0019
1.0018
1.0019
1.0019
1.0020
1.0020
1.0020
1.0020
1.0020
1.0019
1.0019
1.0018
1.0018
1.0018
1.0018
1.0019
1.0020
1.0021
1.0021
1.0021
1.0020
1.0020
1.0019
1.0019
1.0019
1.0019
1.0019
1.0018
1.0018
1.0018
1.0018
1.0019
1.0019
1.0019
1.0020
1.0019
1.0019
1.0018
1.0018
1.0016
1.0016
1.0016
1.0016
1.0014
1.0014
1.0013
1.0012
1.0012
1.0011
1.0010
1.0010
1.0010
1.0009
1.0009
1.0010
1.0011
1.0010
1.0011
1.0011
1.0010
1.0011
1.0011
1.0011
1.0012
1.0012
1.0012
1.0012
1.0012
1.0013
1.0013
1.0013
1.0014
1.0014
1.0015
1.0015
1.0015
1.0014
1.0014
1.0013
1.0013
1.0013
1.0014
1.0013
1.0013
1.0013
1.0013
1.0012
1.0012
1.0013
1.0012
1.0012
1.0012
1.0013
1.0012
1.0012
1.0012
1.0011
1.0011
1.0011
1.0011
1.0012
1.0012
1.0012
1.0012
1.0012
1.0012
1.0012
1.0012
1.0011
1.0011
1.0010
1.0010
1.0010
1.0010
1.0010
1.0010
1.0009
1.0008
1.0007
1.0006
1.0005
1.0006
1.0006
1.0006
1.0007
1.0007
1.0007
1.0007
1.0007
1.0007
1.0008
1.0007
1.0007
1.0008
1.0008
1.0008
1.0008
1.0009
1.0009
1.0009
1.0008
1.0008
1.0008
1.0008
1.0008
1.0008
1.0008
1.0007
1.0007
1.0007
1.0007
1.0007
1.0008
1.0009
1.0009
1.0009
1.0009
1.0009
1.0009
1.0008
1.0008
1.0008
1.0008
1.0008
1.0009
1.0009
1.0009
1.0009
1.0009
1.0008
1.0007
1.0007
1.0007
1.0006
1.0006
1.0007
1.0007
1.0007
1.0007
1.0006
1.0006
1.0006
1.0006
1.0007
1.0008
1.0008
1.0009
1.0009
1.0009
1.0008
1.0008
1.0007
1.0007
1.0006
1.0006
1.0006
1.0005
1.0004
1.0004
1.0003
1.0003
1.0003
1.0004
1.0003
1.0004
1.0005
1.0005
1.0005
1.0005
1.0004
1.0004
1.0004
1.0003
1.0003
1.0003
1.0004
1.0004
1.0004
1.0005
1.0005
1.0005
1.0006
1.0005
1.0006
1.0005
1.0005
1.0004
1.0004
1.0004
1.0004
1.0004
1.0004
1.0004
1.0004
1.0004
1.0004
1.0003
1.0003
1.0002
1.0001
1.0001
0.9999
0.9999
0.9999
0.9999
1.0000
1.0001
1.0002
1.0002
1.0003
1.0003
1.0003
1.0003
1.0002
1.0003
1.0002
1.0002
1.0003
1.0002
1.0002
1.0003
1.0002
1.0002
1.0003
1.0003
1.0002
1.0004
1.0004
1.0004
1.0004
1.0003
1.0003
1.0003
1.0003
1.0003
1.0002
1.0002
1.0002
1.0002
1.0002
1.0003
1.0003
1.0003
1.0003
1.0003
1.0003
1.0003
1.0003
1.0003
1.0003
1.0003
1.0002
1.0002
1.0002
1.0002
1.0003
1.0004
1.0004
1.0005
1.0005
1.0005
1.0005
1.0004
1.0004
1.0003
1.0003
1.0002
1.0002
1.0003
1.0003
1.0003
1.0004
1.0004
1.0004
1.0004
1.0005
1.0004
1.0004
1.0003
1.0003
1.0003
1.0003
1.0004
1.0004
1.0005
1.0005
1.0005
1.0005
1.0005
1.0005
1.0005
1.0005
1.0005
1.0004
1.0004
1.0005
1.0004
1.0004
1.0004
1.0004
1.0003
1.0003
1.0003
1.0004
1.0004
1.0003
1.0003
1.0004
1.0003
1.0004
1.0004
1.0005
1.0005
1.0005
1.0004
1.0005
1.0004
1.0004
1.0004
1.0004
1.0003
1.0003
1.0002
1.0002
1.0002
1.0003
1.0003
1.0003
1.0004
1.0003
1.0004
1.0004
1.0004
1.0003
1.0003
1.0003
1.0004
1.0004
1.0005
1.0005
1.0005
1.0004
1.0004
1.0004
1.0004
1.0005
1.0005
1.0005
1.0005
1.0004
1.0004
1.0004
1.0004
1.0004
1.0004
1.0004
1.0004
1.0004
1.0004
1.0004
1.0004
1.0004
1.0004
1.0004
1.0005
1.0005
1.0005
1.0005
1.0005
1.0005
1.0005
1.0005
1.0005
1.0005
1.0005
1.0004
1.0005
1.0005
1.0005
1.0005
1.0005
1.0005
1.0004
1.0003
1.0003
1.0003
1.0003
1.0003
1.0004
1.0005
1.0006
1.0006
1.0006
1.0006
1.0005
1.0004
1.0003
1.0003
1.0004
1.0004
1.0004
1.0005
1.0005
1.0005
1.0005
1.0004
1.0004
1.0004
1.0004
1.0004
1.0004
1.0003
1.0003
1.0003
1.0003
1.0004
1.0003
1.0003
1.0003
1.0003
1.0003
1.0003
1.0003
1.0003
1.0004
1.0004
1.0004
1.0004
1.0003
1.0003
1.0003
1.0003
1.0003
1.0003
1.0003
1.0004
1.0004
1.0005
1.0005
1.0005
1.0005
1.0005
1.0005
1.0005
1.0005
1.0005
1.0004
1.0004
1.0003
1.0002
1.0002
1.0002
1.0002
1.0003
1.0004
1.0005
1.0006
1.0007
1.0006
1.0006
1.0005
1.0003
1.0002
1.0002
1.0001
1.0002
1.0002
1.0002
1.0003
1.0004
1.0004
1.0005
1.0006
1.0006
1.0005
1.0005
1.0005
1.0005
1.0005
1.0004
1.0004
1.0003
1.0003
1.0002
1.0002
1.0002
1.0003
1.0003
1.0004
1.0004
1.0004
1.0004
1.0003
1.0003
1.0004
1.0003
1.0003
1.0003
1.0003
1.0004
1.0004
1.0005
1.0005
1.0005
1.0005
1.0004
1.0003
1.0003
1.0003
1.0002
1.0002
1.0002
1.0002
1.0002
1.0002
1.0003
1.0004
1.0004
1.0003
1.0003
1.0003
1.0003
1.0003
1.0003
1.0003
1.0003
1.0003
1.0002
1.0002
1.0002
1.0002
1.0002
1.0003
1.0003
1.0004
1.0003
1.0003
1.0003
1.0003
1.0003
1.0003
1.0003
1.0003
1.0004
1.0003
1.0003
1.0003
1.0003
1.0003
1.0003
1.0003
1.0004
1.0004
1.0004
1.0004
1.0004
1.0003
1.0002
1.0002
1.0003
1.0003
1.0003
1.0004
1.0004
1.0004
1.0003
1.0003
1.0003
1.0003
1.0003
1.0004
1.0004
1.0004
1.0004
1.0004
1.0004
1.0004
1.0005
1.0005
1.0005
1.0005
1.0005
1.0004
1.0004
1.0003
1.0003
1.0003
1.0004
1.0003
1.0004
1.0003
1.0003
1.0004
1.0004
1.0004
1.0005
1.0005
1.0004
1.0004
1.0004
1.0004
1.0004
1.0004
1.0004
1.0004
1.0004
1.0005
1.0005
1.0005
1.0005
1.0005
1.0006
1.0005
1.0005
1.0005
1.0005
1.0005
1.0005
1.0005
1.0005
1.0005
1.0005
1.0005
1.0006
1.0006
1.0006
1.0006
1.0005
1.0006
1.0005
1.0005
1.0005
1.0004
1.0004
1.0004
1.0004
1.0004
1.0004
1.0004
1.0004
1.0004
1.0005
1.0005
1.0006
1.0005
1.0006
1.0006
1.0006
1.0006
1.0006
1.0006
1.0006
1.0006
1.0006
1.0006
1.0006
1.0006
1.0006
1.0006
1.0006
1.0006
1.0006
1.0006
1.0006
1.0006
1.0006
1.0006
1.0006
1.0005
1.0005
1.0005
1.0005
1.0006
1.0007
1.0007
1.0007
1.0007
1.0007
1.0007
1.0007
1.0007
1.0007
1.0007
1.0007
1.0006
1.0006
1.0007
1.0007
1.0007
1.0006
1.0007
1.0006
1.0007
1.0007
1.0007
1.0007
1.0008
1.0008
1.0009
1.0009
1.0009
1.0009
1.0008
1.0008
1.0008
1.0007
1.0008
1.0008
1.0007
1.0007
1.0007
1.0007
1.0007
1.0007
1.0007
1.0006
1.0007
1.0007
1.0007
1.0008
1.0009
1.0009
1.0009
1.0008
1.0008
1.0008
1.0008
1.0008
1.0009
1.0009
1.0009
1.0008
1.0008
1.0008
1.0008
1.0009
1.0009
1.0009
1.0010
1.0009
1.0009
1.0010
1.0010
1.0009
1.0010
1.0009
1.0009
1.0009
1.0009
1.0008
1.0008
1.0008
1.0008
1.0010
1.0010
1.0010
1.0011
1.0010
1.0010
1.0010
1.0010
1.0010
1.0010
1.0010
1.0010
1.0010
1.0010
1.0010
1.0010
1.0010
1.0010
1.0009
1.0009
1.0009
1.0010
1.0009
1.0009
1.0009
1.0009
1.0009
1.0008
1.0009
1.0009
1.0009
1.0010
1.0011
1.0011
1.0012
1.0012
1.0012
1.0011
1.0010
1.0010
1.0010
1.0010
1.0011
1.0011
1.0011
1.0011
1.0011
1.0011
1.0010
1.0010
1.0010
1.0010
1.0009
1.0010
1.0010
1.0010
1.0010
1.0011
1.0010
1.0010
1.0009
1.0009
1.0009
1.0009
1.0009
1.0009
1.0008
1.0009
1.0008
1.0009
1.0009
1.0009
1.0009
1.0010
1.0010
1.0010
1.0011
1.0011
1.0010
1.0011
1.0011
1.0010
1.0010
1.0010
1.0010
1.0011
1.0011
1.0011
1.0012
1.0011
1.0011
1.0011
1.0011
1.0011
1.0011
1.0011
1.0012
1.0012
1.0012
1.0012
1.0012
1.0011
1.0011
1.0011
1.0011
1.0012
1.0011
1.0011
1.0012
1.0012
1.0012
1.0012
1.0012
1.0011
1.0012
1.0012
1.0012
1.0012
1.0011
1.0011
1.0010
1.0010
1.0010
1.0011
1.0011
1.0012
1.0012
1.0011
1.0011
1.0011
1.0010
1.0010
1.0011
1.0010
1.0011
1.0012
1.0012
1.0012
1.0011
1.0010
1.0010
1.0010
1.0010
1.0011
1.0011
1.0010
1.0011
1.0011
1.0012
1.0013
1.0014
1.0013
1.0013
1.0013
1.0013
1.0011
1.0011
1.0012
1.0012
1.0011
1.0012
1.0012
1.0012
1.0012
1.0012
1.0011
1.0012
1.0012
1.0012
1.0012
1.0013
1.0012
1.0012
1.0011
1.0011
1.0011
1.0011
1.0011
1.0011
1.0013
1.0013
1.0013
1.0013
1.0012
1.0010
1.0009
1.0009
1.0010
1.0010
1.0010
1.0012
1.0012
1.0012
1.0012
1.0012
1.0012
1.0011
1.0012
1.0011
1.0012
1.0011
1.0012
1.0013
1.0013
1.0013
1.0014
1.0014
1.0013
1.0014
1.0013
1.0012
1.0012
1.0012
1.0011
1.0011
1.0011
1.0012
1.0012
1.0012
1.0012
1.0011
1.0012
1.0010
1.0010
1.0010
1.0010
1.0010
1.0011
1.0012
1.0011
1.0011
1.0011
1.0011
1.0013
1.0014
1.0014
1.0014
1.0013
1.0012
1.0012
1.0012
1.0012
1.0013
1.0014
1.0013
1.0014
1.0014
1.0012
1.0012
1.0013
1.0013
1.0015
1.0016
1.0016
1.0015
1.0014
1.0013
1.0012
1.0012
1.0013
1.0013
1.0013
1.0013
1.0013
1.0014
1.0013
1.0015
1.0016
1.0015
1.0015
1.0015
1.0013
1.0014
1.0014
1.0014
1.0015
1.0014
1.0016
1.0016
1.0015
1.0015
1.0014
1.0013
1.0013
1.0013
1.0014
1.0013
1.0014
1.0013
1.0014
1.0014
1.0014
1.0014
1.0015
1.0014
1.0014
1.0014
1.0013
1.0014
1.0014
1.0015
1.0015
1.0017
1.0016
1.0016
1.0016
1.0016
1.0014
1.0014
1.0014
1.0014
1.0014
1.0015
1.0014
1.0015
1.0014
1.0015
1.0014
1.0015
1.0013
1.0014
1.0014
1.0014
1.0015
1.0017
1.0016
1.0016
1.0016
1.0015
1.0015
1.0015
1.0016
1.0016
1.0015
1.0016
1.0016
1.0015
1.0016
1.0017
1.0017
1.0017
1.0017
1.0016
1.0016
1.0016
1.0016
1.0016
1.0016
1.0017
1.0016
1.0016
1.0015
1.0015
1.0014
1.0014
1.0015
1.0016
1.0015
1.0015
1.0015
1.0014
1.0013
1.0013
1.0014
1.0015
1.0016
1.0017
1.0018
1.0018
1.0018
1.0018
1.0018
1.0017
1.0015
1.0014
1.0014
1.0014
1.0015
1.0017
1.0017
1.0018
1.0018
1.0018
1.0017
1.0017
1.0017
1.0016
1.0016
1.0016
1.0016
1.0016
1.0017
1.0017
1.0017
1.0017
1.0018
1.0017
1.0017
1.0017
1.0017
1.0017
1.0017
1.0017
1.0018
1.0018
1.0017
1.0017
1.0017
1.0017
1.0016
1.0018
1.0019
1.0019
1.0020
1.0020
1.0019
1.0018
1.0019
1.0019
1.0018
1.0019
1.0019
1.0018
1.0019
1.0019
1.0019
1.0019
1.0019
1.0018
1.0020
1.0020
1.0020
1.0022
1.0021
1.0021
1.0019
1.0019
1.0019
1.0020
1.0018
1.0018
1.0019
1.0018
1.0018
1.0019
1.0020
1.0022
1.0024
1.0024
1.0025
1.0024
1.0021
1.0020
1.0019
1.0018
1.0019
1.0020
1.0020
1.0020
1.0021
1.0020
1.0018
1.0016
1.0013
1.0012
1.0014
1.0016
1.0018
1.0021
1.0022
1.0022
1.0021
1.0022
1.0022
1.0021
1.0023
1.0023
1.0022
1.0022
1.0022
1.0022
1.0023
1.0023
1.0022
1.0023
1.0022
1.0022
1.0023
1.0022
1.0022
1.0022
1.0021
1.0020
1.0020
1.0019
1.0020
1.0021
1.0021
1.0022
1.0023
1.0021
1.0020
1.0021
1.0025
1.0026
1.0026
1.0027
1.0027
1.0023
1.0022
1.0022
1.0022
1.0023
1.0023
1.0024
1.0025
1.0025
1.0024
1.0025
1.0024
1.0024
1.0025
1.0023
1.0021
1.0021
1.0022
1.0021
1.0023
1.0024
1.0025
1.0024
1.0025
1.0024
1.0023
1.0023
1.0024
1.0024
1.0026
1.0027
1.0026
1.0024
1.0023
1.0023
1.0022
1.0023
1.0024
1.0024
1.0024
1.0025
1.0024
1.0024
1.0025
1.0024
1.0024
1.0024
1.0025
1.0024
1.0026
1.0025
1.0025
1.0023
1.0023
1.0022
1.0022
1.0022
1.0022
1.0021
1.0020
1.0019
1.0020
1.0021
1.0022
1.0021
1.0023
1.0022
1.0023
1.0023
1.0023
1.0023
1.0025
1.0024
1.0025
1.0024
1.0024
1.0023
1.0023
1.0022
1.0023
1.0023
1.0022
1.0021
1.0019
1.0017
1.0015
1.0015
1.0015
1.0015
1.0016
1.0018
1.0019
1.0021
1.0022
1.0021
1.0026
1.0039
1.0040
1.0055
1.0123
1.0461
1.0220
1.0260
