1.0122
1.0369
1.0184
0.8881
0.2744
-4.2162
2.5685
2.3880
2.3822
2.5412
2.7359
2.9029
3.0530
2.8613
2.6686
2.8918
2.7514
2.8121
3.2203
3.3578
2.5826
2.3887
2.3426
2.2940
2.1871
2.4579
2.4501
2.3383
2.3252
2.6810
2.5151
3.0303
3.1542
3.4507
2.3062
2.2927
2.0973
2.0514
1.9255
2.0528
2.0589
2.1804
2.1786
2.2165
2.4055
2.4545
2.1328
2.1733
2.1117
1.9291
1.9422
1.9839
1.9060
1.8724
2.0012
1.8949
1.9134
1.9351
1.9294
1.9065
1.9708
1.9805
2.0927
2.1308
2.0939
2.0989
2.0986
2.0920
2.1506
2.1580
2.0505
1.9588
1.9200
1.8548
1.8254
1.8836
1.9504
1.8620
1.9139
1.8300
1.8147
1.7698
1.8229
1.8259
1.8387
1.8266
1.8300
1.8080
1.7688
1.8686
1.8441
1.8275
1.8050
1.8359
1.7962
1.8130
1.8469
1.8272
1.8313
1.8211
1.7914
1.7675
1.8168
1.7458
1.7388
1.7704
1.7986
1.7547
1.8102
1.7618
1.7301
1.7148
1.7013
1.6953
1.7077
1.6660
1.6739
1.6825
1.6569
1.6609
1.6543
1.6094
1.6055
1.6028
1.6128
1.6270
1.6444
1.6161
1.6158
1.5841
1.5862
1.5805
1.6013
1.6283
1.6655
1.6725
1.6732
1.6831
1.6455
1.6377
1.6347
1.6319
1.6223
1.6455
1.6412
1.6295
1.6298
1.6640
1.6341
1.6387
1.6259
1.6389
1.6200
1.6361
1.6519
1.7128
1.7211
1.7051
1.7647
1.7654
1.7148
1.7389
1.7986
1.7862
1.7880
1.8505
1.8736
1.8494
1.7220
1.7469
1.7341
1.7319
1.7507
1.9119
1.8085
1.8650
1.8486
1.7910
1.7760
1.8178
1.7604
1.7586
1.7987
1.7684
1.7857
1.8472
1.8698
1.8478
1.9203
1.8956
1.8943
1.8858
1.8849
1.8651
1.8628
1.8099
1.8365
1.8089
1.7682
1.7910
1.8177
1.7742
1.7578
1.7498
1.7609
1.7899
1.7799
1.7786
1.8352
1.7440
1.7097
1.6830
1.6868
1.6426
1.6272
1.5971
1.6108
1.6101
1.5894
1.5607
1.5605
1.5143
1.4745
1.4329
1.4148
1.3808
1.3734
1.3695
1.3849
1.3889
1.3946
1.3733
1.3477
1.3081
1.2744
1.2416
1.2132
1.1871
1.1689
1.1461
1.1275
1.1093
1.0954
1.0837
1.0899
1.0986
1.1211
1.1419
1.1506
1.1326
1.1077
1.0760
1.0546
1.0356
1.0228
1.0121
1.0046
0.9915
0.9827
0.9763
0.9710
0.9639
0.9623
0.9630
0.9700
0.9809
0.9969
1.0095
1.0223
1.0195
1.0094
0.9960
0.9886
0.9775
0.9709
0.9657
0.9621
0.9585
0.9567
0.9560
0.9548
0.9545
0.9534
0.9528
0.9540
0.9543
0.9550
0.9594
0.9659
0.9704
0.9763
0.9792
0.9774
0.9728
0.9698
0.9688
0.9679
0.9682
0.9677
0.9673
0.9668
0.9666
0.9655
0.9665
0.9669
0.9662
0.9663
0.9671
0.9663
0.9659
0.9667
0.9680
0.9700
0.9735
0.9769
0.9793
0.9808
0.9804
0.9783
0.9769
0.9778
0.9776
0.9779
0.9784
0.9781
0.9779
0.9789
0.9785
0.9788
0.9802
0.9802
0.9798
0.9811
0.9819
0.9817
0.9821
0.9835
0.9841
0.9837
0.9841
0.9849
0.9866
0.9888
0.9908
0.9925
0.9933
0.9918
0.9891
0.9882
0.9884
0.9880
0.9885
0.9887
0.9882
0.9886
0.9890
0.9884
0.9891
0.9901
0.9892
0.9892
0.9901
0.9896
0.9889
0.9896
0.9904
0.9902
0.9903
0.9910
0.9915
0.9916
0.9919
0.9930
0.9950
0.9964
0.9970
0.9974
0.9969
0.9951
0.9936
0.9937
0.9935
0.9937
0.9938
0.9935
0.9933
0.9936
0.9930
0.9929
0.9935
0.9931
0.9928
0.9935
0.9936
0.9931
0.9933
0.9936
0.9937
0.9935
0.9939
0.9945
0.9949
0.9949
0.9952
0.9954
0.9955
0.9959
0.9971
0.9984
0.9991
0.9996
0.9995
0.9987
0.9975
0.9971
0.9968
0.9965
0.9967
0.9966
0.9965
0.9968
0.9970
0.9967
0.9971
0.9972
0.9969
0.9971
0.9975
0.9973
0.9974
0.9976
0.9977
0.9975
0.9976
0.9977
0.9976
0.9975
0.9976
0.9977
0.9977
0.9977
0.9977
0.9976
0.9976
0.9979
0.9983
0.9984
0.9983
0.9980
0.9974
0.9968
0.9966
0.9965
0.9964
0.9963
0.9961
0.9959
0.9959
0.9958
0.9956
0.9959
0.9962
0.9964
0.9969
0.9974
0.9974
0.9974
0.9976
0.9977
0.9978
0.9981
0.9985
0.9989
0.9991
0.9992
0.9995
0.9995
0.9994
0.9993
0.9995
0.9994
0.9994
0.9996
0.9998
0.9999
1.0001
1.0003
1.0002
1.0003
1.0001
1.0000
0.9999
0.9999
0.9999
0.9999
0.9999
0.9999
0.9999
0.9999
0.9998
0.9996
0.9994
0.9993
0.9993
0.9993
0.9993
0.9994
0.9995
0.9995
0.9995
0.9996
0.9996
0.9996
0.9995
0.9995
0.9994
0.9994
0.9994
0.9994
0.9994
0.9994
0.9995
0.9995
0.9994
0.9995
0.9994
0.9992
0.9991
0.9991
0.9988
0.9987
0.9986
0.9986
0.9986
0.9988
0.9988
0.9989
0.9991
0.9991
0.9992
0.9994
0.9996
0.9996
0.9998
1.0000
1.0002
1.0002
1.0004
1.0005
1.0005
1.0006
1.0008
1.0008
1.0007
1.0009
1.0010
1.0010
1.0011
1.0013
1.0013
1.0013
1.0013
1.0013
1.0013
1.0013
1.0013
1.0014
1.0014
1.0013
1.0012
1.0012
1.0012
1.0012
1.0013
1.0013
1.0012
1.0011
1.0012
1.0011
1.0011
1.0012
1.0013
1.0013
1.0013
1.0013
1.0013
1.0013
1.0014
1.0014
1.0015
1.0016
1.0018
1.0018
1.0018
1.0017
1.0017
1.0016
1.0016
1.0016
1.0016
1.0016
1.0016
1.0016
1.0017
1.0019
1.0020
1.0021
1.0019
1.0019
1.0019
1.0019
1.0018
1.0019
1.0020
1.0019
1.0019
1.0019
1.0020
1.0020
1.0019
1.0020
1.0021
1.0020
1.0020
1.0020
1.0020
1.0019
1.0019
1.0019
1.0018
1.0019
1.0019
1.0020
1.0019
1.0019
1.0019
1.0018
1.0017
1.0017
1.0017
1.0017
1.0017
1.0017
1.0016
1.0015
1.0015
1.0014
1.0014
1.0015
1.0016
1.0016
1.0017
1.0016
1.0016
1.0015
1.0016
1.0017
1.0017
1.0018
1.0019
1.0019
1.0018
1.0017
1.0018
1.0019
1.0018
1.0019
1.0019
1.0020
1.0020
1.0020
1.0020
1.0020
1.0019
1.0019
1.0018
1.0018
1.0018
1.0018
1.0019
1.0020
1.0021
1.0021
1.0021
1.0020
1.0020
1.0019
1.0019
1.0019
1.0019
1.0019
1.0018
1.0018
1.0018
1.0018
1.0019
1.0019
1.0019
1.0020
1.0020
1.0019
1.0018
1.0018
1.0016
1.0016
1.0016
1.0015
1.0014
1.0014
1.0013
1.0012
1.0012
1.0011
1.0010
1.0010
1.0010
1.0009
1.0009
1.0010
1.0011
1.0010
1.0011
1.0011
1.0010
1.0011
1.0011
1.0011
1.0012
1.0012
1.0012
1.0012
1.0012
1.0013
1.0013
1.0014
1.0014
1.0014
1.0015
1.0015
1.0015
1.0014
1.0014
1.0014
1.0013
1.0013
1.0014
1.0013
1.0013
1.0013
1.0013
1.0012
1.0012
1.0013
1.0012
1.0012
1.0012
1.0013
1.0012
1.0012
1.0012
1.0011
1.0011
1.0011
1.0011
1.0011
1.0012
1.0012
1.0012
1.0012
1.0012
1.0012
1.0012
1.0011
1.0011
1.0010
1.0010
1.0010
1.0010
1.0010
1.0010
1.0009
1.0009
1.0008
1.0007
1.0005
1.0006
1.0006
1.0006
1.0007
1.0007
1.0007
1.0007
1.0007
1.0007
1.0008
1.0007
1.0007
1.0008
1.0008
1.0008
1.0008
1.0009
1.0009
1.0009
1.0008
1.0008
1.0008
1.0008
1.0008
1.0008
1.0008
1.0007
1.0007
1.0007
1.0007
1.0007
1.0008
1.0009
1.0009
1.0008
1.0009
1.0008
1.0009
1.0008
1.0008
1.0008
1.0008
1.0008
1.0009
1.0009
1.0009
1.0009
1.0009
1.0008
1.0007
1.0007
1.0006
1.0006
1.0006
1.0007
1.0007
1.0007
1.0007
1.0006
1.0006
1.0006
1.0006
1.0007
1.0008
1.0008
1.0009
1.0009
1.0009
1.0008
1.0008
1.0007
1.0007
1.0006
1.0006
1.0006
1.0005
1.0004
1.0004
1.0003
1.0003
1.0003
1.0004
1.0004
1.0004
1.0005
1.0005
1.0005
1.0005
1.0004
1.0004
1.0004
1.0003
1.0003
1.0003
1.0004
1.0004
1.0004
1.0005
1.0005
1.0005
1.0005
1.0005
1.0006
1.0005
1.0005
1.0004
1.0004
1.0004
1.0004
1.0004
1.0004
1.0004
1.0004
1.0004
1.0004
1.0003
1.0002
1.0002
1.0001
1.0000
0.9999
0.9999
0.9999
0.9999
1.0000
1.0001
1.0002
1.0002
1.0003
1.0003
1.0003
1.0003
1.0002
1.0003
1.0002
1.0002
1.0003
1.0002
1.0002
1.0003
1.0002
1.0002
1.0003
1.0002
1.0002
1.0004
1.0004
1.0003
1.0004
1.0003
1.0002
1.0002
1.0003
1.0003
1.0002
1.0002
1.0002
1.0002
1.0002
1.0003
1.0003
1.0003
1.0004
1.0003
1.0003
1.0003
1.0004
1.0003
1.0003
1.0003
1.0002
1.0002
1.0002
1.0002
1.0003
1.0004
1.0004
1.0005
1.0005
1.0005
1.0005
1.0004
1.0003
1.0003
1.0003
1.0002
1.0002
1.0003
1.0003
1.0003
1.0004
1.0004
1.0005
1.0005
1.0005
1.0004
1.0004
1.0003
1.0003
1.0003
1.0003
1.0004
1.0005
1.0005
1.0005
1.0005
1.0005
1.0005
1.0005
1.0005
1.0005
1.0005
1.0004
1.0004
1.0005
1.0004
1.0004
1.0004
1.0004
1.0003
1.0003
1.0003
1.0004
1.0004
1.0003
1.0003
1.0004
1.0003
1.0004
1.0004
1.0005
1.0005
1.0005
1.0004
1.0004
1.0004
1.0004
1.0004
1.0004
1.0003
1.0002
1.0002
1.0002
1.0002
1.0003
1.0003
1.0003
1.0003
1.0003
1.0003
1.0003
1.0004
1.0003
1.0003
1.0003
1.0004
1.0004
1.0005
1.0005
1.0005
1.0004
1.0004
1.0004
1.0004
1.0005
1.0005
1.0005
1.0005
1.0004
1.0004
1.0004
1.0004
1.0003
1.0004
1.0004
1.0004
1.0004
1.0004
1.0004
1.0004
1.0004
1.0004
1.0004
1.0005
1.0005
1.0005
1.0005
1.0005
1.0005
1.0005
1.0005
1.0005
1.0005
1.0005
1.0004
1.0004
1.0005
1.0005
1.0004
1.0005
1.0005
1.0004
1.0004
1.0003
1.0003
1.0003
1.0003
1.0004
1.0005
1.0006
1.0006
1.0006
1.0006
1.0005
1.0004
1.0003
1.0003
1.0003
1.0004
1.0004
1.0005
1.0005
1.0005
1.0005
1.0004
1.0004
1.0004
1.0004
1.0003
1.0004
1.0003
1.0003
1.0003
1.0003
1.0003
1.0003
1.0003
1.0003
1.0003
1.0002
1.0003
1.0003
1.0003
1.0004
1.0004
1.0004
1.0004
1.0003
1.0003
1.0003
1.0003
1.0003
1.0003
1.0003
1.0004
1.0004
1.0005
1.0005
1.0005
1.0005
1.0005
1.0005
1.0005
1.0005
1.0005
1.0004
1.0004
1.0003
1.0002
1.0002
1.0002
1.0002
1.0003
1.0004
1.0005
1.0006
1.0007
1.0006
1.0006
1.0005
1.0003
1.0002
1.0002
1.0001
1.0002
1.0002
1.0002
1.0003
1.0004
1.0004
1.0005
1.0006
1.0006
1.0005
1.0005
1.0005
1.0005
1.0005
1.0004
1.0004
1.0004
1.0003
1.0002
1.0002
1.0002
1.0002
1.0003
1.0004
1.0004
1.0004
1.0004
1.0003
1.0003
1.0003
1.0003
1.0003
1.0003
1.0003
1.0004
1.0004
1.0005
1.0005
1.0005
1.0005
1.0004
1.0003
1.0003
1.0003
1.0002
1.0002
1.0002
1.0002
1.0002
1.0003
1.0003
1.0004
1.0004
1.0003
1.0003
1.0003
1.0003
1.0003
1.0003
1.0003
1.0003
1.0003
1.0002
1.0002
1.0002
1.0002
1.0002
1.0003
1.0003
1.0004
1.0003
1.0003
1.0004
1.0003
1.0003
1.0003
1.0003
1.0003
1.0003
1.0003
1.0003
1.0003
1.0003
1.0003
1.0003
1.0003
1.0004
1.0004
1.0004
1.0004
1.0003
1.0002
1.0002
1.0002
1.0003
1.0003
1.0003
1.0004
1.0004
1.0004
1.0003
1.0003
1.0003
1.0003
1.0003
1.0004
1.0004
1.0004
1.0004
1.0004
1.0004
1.0004
1.0004
1.0005
1.0005
1.0005
1.0005
1.0004
1.0004
1.0003
1.0003
1.0003
1.0004
1.0003
1.0004
1.0003
1.0003
1.0004
1.0004
1.0004
1.0005
1.0005
1.0004
1.0004
1.0004
1.0004
1.0004
1.0004
1.0004
1.0005
1.0004
1.0005
1.0005
1.0005
1.0005
1.0005
1.0006
1.0006
1.0005
1.0005
1.0005
1.0005
1.0005
1.0005
1.0005
1.0005
1.0005
1.0005
1.0006
1.0006
1.0006
1.0006
1.0005
1.0006
1.0005
1.0005
1.0005
1.0004
1.0004
1.0004
1.0004
1.0004
1.0004
1.0004
1.0004
1.0005
1.0005
1.0005
1.0005
1.0005
1.0006
1.0006
1.0006
1.0006
1.0006
1.0006
1.0006
1.0006
1.0006
1.0006
1.0006
1.0006
1.0006
1.0006
1.0006
1.0006
1.0006
1.0006
1.0006
1.0006
1.0006
1.0006
1.0006
1.0005
1.0005
1.0005
1.0006
1.0006
1.0007
1.0007
1.0007
1.0007
1.0007
1.0007
1.0007
1.0007
1.0007
1.0007
1.0007
1.0007
1.0007
1.0007
1.0007
1.0007
1.0007
1.0007
1.0006
1.0007
1.0007
1.0007
1.0007
1.0008
1.0008
1.0009
1.0009
1.0009
1.0009
1.0008
1.0008
1.0008
1.0007
1.0008
1.0008
1.0008
1.0008
1.0008
1.0007
1.0007
1.0007
1.0006
1.0006
1.0007
1.0007
1.0007
1.0008
1.0009
1.0008
1.0009
1.0008
1.0008
1.0008
1.0008
1.0008
1.0008
1.0008
1.0009
1.0008
1.0008
1.0008
1.0008
1.0008
1.0008
1.0009
1.0009
1.0009
1.0009
1.0010
1.0010
1.0009
1.0010
1.0009
1.0009
1.0009
1.0008
1.0008
1.0008
1.0008
1.0008
1.0010
1.0010
1.0010
1.0011
1.0010
1.0010
1.0010
1.0010
1.0010
1.0010
1.0010
1.0010
1.0010
1.0010
1.0010
1.0010
1.0010
1.0010
1.0009
1.0009
1.0009
1.0009
1.0009
1.0009
1.0009
1.0009
1.0009
1.0008
1.0009
1.0009
1.0009
1.0010
1.0011
1.0011
1.0012
1.0012
1.0012
1.0011
1.0010
1.0010
1.0010
1.0010
1.0010
1.0011
1.0011
1.0011
1.0011
1.0011
1.0010
1.0010
1.0010
1.0010
1.0009
1.0010
1.0010
1.0010
1.0010
1.0010
1.0010
1.0010
1.0009
1.0010
1.0009
1.0009
1.0009
1.0009
1.0008
1.0008
1.0008
1.0008
1.0009
1.0009
1.0009
1.0010
1.0010
1.0010
1.0010
1.0010
1.0010
1.0011
1.0011
1.0010
1.0010
1.0010
1.0010
1.0011
1.0011
1.0011
1.0012
1.0011
1.0011
1.0010
1.0011
1.0011
1.0010
1.0011
1.0012
1.0012
1.0012
1.0012
1.0012
1.0011
1.0011
1.0011
1.0011
1.0011
1.0011
1.0011
1.0012
1.0012
1.0011
1.0012
1.0012
1.0011
1.0012
1.0012
1.0012
1.0012
1.0011
1.0010
1.0010
1.0010
1.0010
1.0011
1.0012
1.0012
1.0012
1.0011
1.0011
1.0011
1.0010
1.0010
1.0011
1.0010
1.0011
1.0012
1.0012
1.0012
1.0011
1.0010
1.0010
1.0010
1.0011
1.0011
1.0011
1.0010
1.0011
1.0012
1.0012
1.0013
1.0013
1.0013
1.0013
1.0013
1.0013
1.0011
1.0011
1.0011
1.0011
1.0011
1.0012
1.0012
1.0012
1.0012
1.0012
1.0011
1.0012
1.0012
1.0012
1.0012
1.0012
1.0012
1.0012
1.0012
1.0011
1.0011
1.0011
1.0011
1.0011
1.0013
1.0012
1.0013
1.0013
1.0012
1.0010
1.0010
1.0010
1.0010
1.0010
1.0010
1.0012
1.0012
1.0012
1.0012
1.0012
1.0012
1.0011
1.0012
1.0012
1.0012
1.0011
1.0012
1.0013
1.0013
1.0013
1.0014
1.0013
1.0013
1.0014
1.0013
1.0012
1.0012
1.0012
1.0011
1.0011
1.0011
1.0012
1.0012
1.0012
1.0012
1.0011
1.0012
1.0011
1.0010
1.0010
1.0010
1.0010
1.0011
1.0012
1.0011
1.0011
1.0011
1.0011
1.0013
1.0014
1.0014
1.0014
1.0013
1.0012
1.0012
1.0012
1.0012
1.0013
1.0014
1.0013
1.0014
1.0014
1.0013
1.0012
1.0013
1.0013
1.0015
1.0016
1.0016
1.0015
1.0014
1.0013
1.0012
1.0012
1.0013
1.0013
1.0013
1.0013
1.0013
1.0013
1.0013
1.0015
1.0016
1.0015
1.0015
1.0015
1.0014
1.0014
1.0014
1.0014
1.0015
1.0015
1.0016
1.0016
1.0015
1.0015
1.0014
1.0013
1.0013
1.0013
1.0014
1.0014
1.0014
1.0014
1.0014
1.0014
1.0014
1.0014
1.0015
1.0014
1.0013
1.0014
1.0013
1.0013
1.0014
1.0015
1.0015
1.0017
1.0017
1.0016
1.0016
1.0016
1.0014
1.0014
1.0014
1.0015
1.0014
1.0015
1.0014
1.0015
1.0014
1.0015
1.0014
1.0015
1.0013
1.0014
1.0014
1.0014
1.0015
1.0017
1.0016
1.0016
1.0016
1.0015
1.0015
1.0015
1.0016
1.0016
1.0015
1.0016
1.0016
1.0015
1.0016
1.0018
1.0017
1.0017
1.0017
1.0016
1.0016
1.0016
1.0016
1.0016
1.0016
1.0017
1.0016
1.0016
1.0016
1.0015
1.0015
1.0014
1.0015
1.0016
1.0015
1.0015
1.0015
1.0014
1.0013
1.0013
1.0014
1.0015
1.0016
1.0017
1.0018
1.0018
1.0018
1.0018
1.0018
1.0017
1.0015
1.0014
1.0014
1.0014
1.0015
1.0017
1.0017
1.0018
1.0018
1.0018
1.0017
1.0017
1.0017
1.0016
1.0016
1.0016
1.0016
1.0016
1.0016
1.0017
1.0017
1.0017
1.0018
1.0017
1.0017
1.0017
1.0017
1.0017
1.0017
1.0017
1.0018
1.0018
1.0017
1.0017
1.0017
1.0017
1.0016
1.0018
1.0019
1.0019
1.0019
1.0020
1.0019
1.0018
1.0019
1.0018
1.0018
1.0019
1.0018
1.0018
1.0019
1.0018
1.0019
1.0019
1.0019
1.0018
1.0020
1.0020
1.0020
1.0022
1.0021
1.0021
1.0020
1.0019
1.0019
1.0019
1.0018
1.0018
1.0019
1.0018
1.0018
1.0019
1.0020
1.0022
1.0024
1.0024
1.0026
1.0024
1.0021
1.0020
1.0019
1.0018
1.0019
1.0020
1.0020
1.0020
1.0021
1.0020
1.0019
1.0017
1.0013
1.0012
1.0014
1.0016
1.0018
1.0021
1.0023
1.0022
1.0021
1.0022
1.0022
1.0021
1.0023
1.0023
1.0022
1.0022
1.0022
1.0022
1.0023
1.0023
1.0022
1.0023
1.0022
1.0022
1.0023
1.0022
1.0022
1.0022
1.0021
1.0020
1.0020
1.0019
1.0020
1.0021
1.0021
1.0022
1.0023
1.0021
1.0021
1.0021
1.0025
1.0026
1.0026
1.0027
1.0027
1.0023
1.0022
1.0022
1.0022
1.0023
1.0023
1.0023
1.0025
1.0025
1.0024
1.0025
1.0025
1.0024
1.0025
1.0023
1.0021
1.0021
1.0021
1.0021
1.0023
1.0025
1.0025
1.0024
1.0025
1.0024
1.0023
1.0023
1.0024
1.0024
1.0026
1.0027
1.0026
1.0024
1.0023
1.0023
1.0022
1.0023
1.0024
1.0024
1.0024
1.0025
1.0024
1.0024
1.0025
1.0024
1.0024
1.0024
1.0025
1.0024
1.0026
1.0025
1.0025
1.0023
1.0023
1.0022
1.0022
1.0022
1.0022
1.0021
1.0020
1.0019
1.0020
1.0021
1.0022
1.0021
1.0022
1.0022
1.0023
1.0023
1.0023
1.0023
1.0025
1.0024
1.0025
1.0024
1.0024
1.0023
1.0023
1.0022
1.0023
1.0023
1.0021
1.0021
1.0019
1.0017
1.0015
1.0015
1.0015
1.0015
1.0016
1.0017
1.0018
1.0021
1.0022
1.0021
1.0026
1.0039
1.0040
1.0055
1.0123
1.0462
1.0218
1.0266
