1.0122
1.0369
1.0184
0.8882
0.2751
-4.2114
2.5675
2.3867
2.3805
2.5393
2.7341
2.9002
3.0508
2.8592
2.6672
2.8906
2.7513
2.8119
3.2200
3.3569
2.5809
2.3867
2.3407
2.2925
2.1864
2.4574
2.4500
2.3386
2.3256
2.6807
2.5147
3.0289
3.1525
3.4482
2.3050
2.2915
2.0964
2.0508
1.9249
2.0522
2.0584
2.1801
2.1775
2.2157
2.4044
2.4531
2.1317
2.1726
2.1113
1.9290
1.9423
1.9841
1.9059
1.8720
2.0007
1.8944
1.9126
1.9348
1.9292
1.9060
1.9704
1.9798
2.0916
2.1302
2.0934
2.0981
2.0986
2.0920
2.1498
2.1574
2.0498
1.9579
1.9197
1.8550
1.8254
1.8839
1.9507
1.8621
1.9131
1.8298
1.8145
1.7698
1.8225
1.8258
1.8385
1.8263
1.8293
1.8075
1.7682
1.8678
1.8433
1.8273
1.8048
1.8357
1.7964
1.8135
1.8474
1.8278
1.8316
1.8208
1.7911
1.7669
1.8160
1.7456
1.7386
1.7698
1.7979
1.7540
1.8089
1.7608
1.7297
1.7144
1.7012
1.6955
1.7079
1.6660
1.6739
1.6824
1.6565
1.6606
1.6540
1.6090
1.6050
1.6024
1.6121
1.6261
1.6436
1.6156
1.6154
1.5837
1.5858
1.5802
1.6008
1.6279
1.6653
1.6724
1.6730
1.6831
1.6453
1.6376
1.6342
1.6314
1.6220
1.6451
1.6407
1.6293
1.6295
1.6639
1.6339
1.6385
1.6254
1.6385
1.6193
1.6355
1.6515
1.7124
1.7207
1.7048
1.7644
1.7648
1.7142
1.7388
1.7988
1.7858
1.7879
1.8507
1.8728
1.8484
1.7218
1.7467
1.7339
1.7317
1.7506
1.9111
1.8074
1.8638
1.8478
1.7904
1.7756
1.8174
1.7597
1.7579
1.7978
1.7678
1.7853
1.8473
1.8699
1.8480
1.9206
1.8962
1.8942
1.8858
1.8844
1.8644
1.8616
1.8092
1.8358
1.8084
1.7677
1.7903
1.8171
1.7737
1.7574
1.7498
1.7613
1.7900
1.7800
1.7787
1.8354
1.7440
1.7096
1.6829
1.6866
1.6424
1.6270
1.5972
1.6108
1.6102
1.5896
1.5609
1.5606
1.5143
1.4745
1.4327
1.4146
1.3808
1.3736
1.3695
1.3851
1.3892
1.3947
1.3734
1.3478
1.3083
1.2746
1.2417
1.2132
1.1870
1.1686
1.1456
1.1272
1.1091
1.0953
1.0838
1.0900
1.0988
1.1212
1.1420
1.1506
1.1326
1.1076
1.0759
1.0546
1.0356
1.0228
1.0121
1.0046
0.9915
0.9827
0.9765
0.9712
0.9639
0.9624
0.9631
0.9699
0.9808
0.9969
1.0095
1.0223
1.0194
1.0093
0.9959
0.9886
0.9775
0.9710
0.9658
0.9622
0.9585
0.9567
0.9560
0.9548
0.9544
0.9534
0.9529
0.9541
0.9544
0.9551
0.9595
0.9660
0.9705
0.9764
0.9793
0.9775
0.9729
0.9699
0.9689
0.9680
0.9683
0.9677
0.9673
0.9668
0.9666
0.9655
0.9665
0.9669
0.9662
0.9663
0.9671
0.9663
0.9659
0.9667
0.9680
0.9700
0.9736
0.9769
0.9793
0.9808
0.9805
0.9783
0.9769
0.9778
0.9776
0.9779
0.9784
0.9782
0.9779
0.9789
0.9786
0.9788
0.9802
0.9802
0.9798
0.9811
0.9819
0.9817
0.9821
0.9835
0.9841
0.9838
0.9841
0.9849
0.9866
0.9888
0.9907
0.9925
0.9933
0.9918
0.9891
0.9882
0.9884
0.9880
0.9885
0.9887
0.9882
0.9887
0.9890
0.9884
0.9891
0.9901
0.9892
0.9892
0.9901
0.9896
0.9889
0.9896
0.9904
0.9902
0.9903
0.9910
0.9915
0.9916
0.9919
0.9930
0.9950
0.9964
0.9970
0.9974
0.9969
0.9952
0.9936
0.9937
0.9936
0.9937
0.9938
0.9935
0.9933
0.9936
0.9930
0.9928
0.9935
0.9931
0.9928
0.9934
0.9936
0.9931
0.9933
0.9936
0.9936
0.9935
0.9939
0.9945
0.9949
0.9950
0.9952
0.9954
0.9955
0.9959
0.9971
0.9984
0.9991
0.9995
0.9995
0.9986
0.9975
0.9970
0.9968
0.9965
0.9967
0.9966
0.9965
0.9969
0.9970
0.9967
0.9971
0.9972
0.9969
0.9971
0.9976
0.9973
0.9974
0.9976
0.9977
0.9975
0.9976
0.9977
0.9976
0.9975
0.9976
0.9977
0.9977
0.9977
0.9976
0.9976
0.9976
0.9979
0.9983
0.9984
0.9983
0.9980
0.9974
0.9968
0.9966
0.9965
0.9964
0.9963
0.9961
0.9959
0.9959
0.9958
0.9956
0.9959
0.9962
0.9964
0.9969
0.9973
0.9974
0.9974
0.9975
0.9976
0.9978
0.9981
0.9985
0.9989
0.9991
0.9992
0.9995
0.9995
0.9994
0.9993
0.9995
0.9994
0.9994
0.9996
0.9997
0.9999
1.0001
1.0003
1.0002
1.0003
1.0001
1.0000
0.9999
0.9999
0.9999
0.9999
0.9999
0.9999
0.9999
0.9999
0.9998
0.9996
0.9994
0.9993
0.9993
0.9993
0.9993
0.9994
0.9995
0.9995
0.9995
0.9996
0.9996
0.9995
0.9995
0.9995
0.9994
0.9994
0.9994
0.9994
0.9994
0.9994
0.9995
0.9995
0.9994
0.9995
0.9994
0.9992
0.9991
0.9991
0.9988
0.9987
0.9986
0.9985
0.9986
0.9988
0.9988
0.9989
0.9991
0.9991
0.9992
0.9994
0.9996
0.9996
0.9998
1.0000
1.0002
1.0002
1.0004
1.0005
1.0006
1.0006
1.0008
1.0008
1.0007
1.0009
1.0010
1.0010
1.0011
1.0012
1.0012
1.0013
1.0013
1.0013
1.0013
1.0013
1.0013
1.0014
1.0014
1.0013
1.0012
1.0012
1.0012
1.0012
1.0013
1.0013
1.0012
1.0011
1.0012
1.0011
1.0011
1.0012
1.0013
1.0012
1.0013
1.0013
1.0013
1.0013
1.0014
1.0014
1.0015
1.0016
1.0018
1.0018
1.0018
1.0017
1.0017
1.0016
1.0016
1.0016
1.0016
1.0016
1.0016
1.0016
1.0017
1.0019
1.0020
1.0020
1.0019
1.0019
1.0019
1.0019
1.0018
1.0019
1.0020
1.0019
1.0019
1.0019
1.0020
1.0020
1.0019
1.0020
1.0021
1.0020
1.0020
1.0020
1.0020
1.0019
1.0019
1.0019
1.0018
1.0019
1.0019
1.0019
1.0019
1.0019
1.0019
1.0018
1.0017
1.0017
1.0017
1.0017
1.0017
1.0017
1.0016
1.0015
1.0015
1.0014
1.0014
1.0015
1.0016
1.0016
1.0017
1.0016
1.0016
1.0015
1.0016
1.0017
1.0018
1.0018
1.0019
1.0019
1.0018
1.0017
1.0018
1.0019
1.0018
1.0019
1.0019
1.0020
1.0020
1.0020
1.0020
1.0020
1.0019
1.0019
1.0018
1.0018
1.0018
1.0018
1.0019
1.0020
1.0020
1.0021
1.0021
1.0020
1.0020
1.0019
1.0019
1.0019
1.0019
1.0019
1.0018
1.0018
1.0018
1.0018
1.0019
1.0019
1.0019
1.0020
1.0019
1.0019
1.0018
1.0018
1.0016
1.0016
1.0016
1.0015
1.0014
1.0014
1.0013
1.0012
1.0012
1.0011
1.0010
1.0010
1.0010
1.0009
1.0009
1.0010
1.0011
1.0010
1.0011
1.0011
1.0010
1.0011
1.0011
1.0011
1.0012
1.0012
1.0012
1.0012
1.0012
1.0012
1.0013
1.0013
1.0014
1.0014
1.0015
1.0015
1.0015
1.0014
1.0014
1.0014
1.0013
1.0013
1.0014
1.0013
1.0013
1.0013
1.0013
1.0012
1.0012
1.0012
1.0012
1.0012
1.0012
1.0013
1.0013
1.0012
1.0012
1.0011
1.0011
1.0011
1.0011
1.0011
1.0012
1.0012
1.0012
1.0012
1.0012
1.0012
1.0012
1.0012
1.0011
1.0010
1.0010
1.0010
1.0010
1.0010
1.0010
1.0009
1.0009
1.0007
1.0006
1.0005
1.0006
1.0006
1.0006
1.0007
1.0007
1.0007
1.0007
1.0007
1.0007
1.0007
1.0007
1.0007
1.0007
1.0008
1.0008
1.0008
1.0009
1.0009
1.0009
1.0008
1.0008
1.0008
1.0008
1.0008
1.0008
1.0008
1.0007
1.0007
1.0007
1.0007
1.0007
1.0008
1.0008
1.0009
1.0008
1.0009
1.0008
1.0009
1.0008
1.0008
1.0008
1.0008
1.0008
1.0009
1.0009
1.0009
1.0009
1.0009
1.0008
1.0007
1.0007
1.0006
1.0006
1.0006
1.0007
1.0007
1.0007
1.0007
1.0006
1.0006
1.0006
1.0006
1.0007
1.0008
1.0008
1.0008
1.0009
1.0009
1.0008
1.0008
1.0007
1.0007
1.0006
1.0006
1.0006
1.0005
1.0004
1.0004
1.0003
1.0003
1.0003
1.0004
1.0004
1.0004
1.0005
1.0005
1.0005
1.0005
1.0004
1.0004
1.0004
1.0003
1.0003
1.0003
1.0004
1.0004
1.0004
1.0005
1.0005
1.0005
1.0005
1.0005
1.0006
1.0005
1.0005
1.0004
1.0004
1.0004
1.0004
1.0004
1.0004
1.0004
1.0004
1.0004
1.0004
1.0003
1.0002
1.0002
1.0001
1.0000
0.9999
0.9999
0.9999
0.9999
1.0000
1.0001
1.0002
1.0002
1.0003
1.0003
1.0003
1.0003
1.0002
1.0003
1.0002
1.0002
1.0003
1.0002
1.0002
1.0003
1.0002
1.0002
1.0003
1.0003
1.0002
1.0004
1.0004
1.0003
1.0004
1.0003
1.0002
1.0002
1.0003
1.0002
1.0002
1.0002
1.0002
1.0002
1.0002
1.0003
1.0003
1.0003
1.0003
1.0003
1.0003
1.0003
1.0003
1.0003
1.0003
1.0003
1.0002
1.0002
1.0002
1.0002
1.0003
1.0004
1.0004
1.0005
1.0005
1.0005
1.0005
1.0004
1.0003
1.0003
1.0003
1.0002
1.0002
1.0003
1.0003
1.0003
1.0004
1.0004
1.0005
1.0005
1.0005
1.0004
1.0004
1.0003
1.0003
1.0003
1.0003
1.0004
1.0005
1.0005
1.0005
1.0005
1.0005
1.0005
1.0005
1.0005
1.0005
1.0005
1.0004
1.0004
1.0005
1.0004
1.0004
1.0004
1.0004
1.0003
1.0003
1.0003
1.0004
1.0004
1.0003
1.0003
1.0004
1.0003
1.0004
1.0004
1.0005
1.0005
1.0005
1.0004
1.0004
1.0004
1.0004
1.0004
1.0004
1.0003
1.0002
1.0002
1.0002
1.0002
1.0003
1.0003
1.0003
1.0003
1.0003
1.0003
1.0003
1.0004
1.0003
1.0003
1.0003
1.0004
1.0004
1.0005
1.0005
1.0004
1.0004
1.0004
1.0004
1.0004
1.0005
1.0005
1.0005
1.0005
1.0004
1.0004
1.0004
1.0004
1.0003
1.0004
1.0004
1.0004
1.0004
1.0004
1.0004
1.0004
1.0004
1.0004
1.0004
1.0005
1.0005
1.0005
1.0005
1.0005
1.0005
1.0005
1.0005
1.0005
1.0005
1.0004
1.0004
1.0004
1.0004
1.0005
1.0004
1.0004
1.0005
1.0004
1.0003
1.0003
1.0003
1.0003
1.0003
1.0004
1.0005
1.0006
1.0006
1.0006
1.0006
1.0004
1.0004
1.0003
1.0003
1.0003
1.0004
1.0004
1.0005
1.0005
1.0005
1.0005
1.0004
1.0004
1.0004
1.0004
1.0003
1.0004
1.0003
1.0003
1.0003
1.0003
1.0003
1.0003
1.0003
1.0003
1.0003
1.0002
1.0003
1.0003
1.0003
1.0004
1.0004
1.0004
1.0004
1.0003
1.0003
1.0003
1.0003
1.0003
1.0003
1.0003
1.0004
1.0004
1.0005
1.0005
1.0005
1.0005
1.0005
1.0005
1.0005
1.0005
1.0005
1.0004
1.0004
1.0003
1.0002
1.0002
1.0002
1.0002
1.0003
1.0004
1.0005
1.0006
1.0007
1.0006
1.0006
1.0005
1.0003
1.0002
1.0002
1.0001
1.0002
1.0002
1.0002
1.0003
1.0004
1.0004
1.0005
1.0006
1.0006
1.0005
1.0005
1.0005
1.0005
1.0005
1.0004
1.0004
1.0003
1.0003
1.0002
1.0002
1.0002
1.0003
1.0003
1.0004
1.0004
1.0004
1.0004
1.0003
1.0003
1.0003
1.0003
1.0003
1.0003
1.0003
1.0004
1.0004
1.0005
1.0005
1.0005
1.0005
1.0004
1.0003
1.0003
1.0003
1.0002
1.0002
1.0002
1.0002
1.0002
1.0003
1.0003
1.0004
1.0004
1.0003
1.0003
1.0003
1.0003
1.0003
1.0003
1.0003
1.0003
1.0003
1.0002
1.0002
1.0002
1.0002
1.0002
1.0003
1.0003
1.0003
1.0003
1.0003
1.0003
1.0003
1.0003
1.0003
1.0003
1.0003
1.0003
1.0003
1.0003
1.0003
1.0003
1.0003
1.0003
1.0003
1.0004
1.0004
1.0004
1.0004
1.0003
1.0002
1.0002
1.0002
1.0003
1.0003
1.0004
1.0004
1.0004
1.0003
1.0003
1.0003
1.0003
1.0003
1.0003
1.0004
1.0004
1.0004
1.0004
1.0004
1.0004
1.0004
1.0004
1.0005
1.0005
1.0005
1.0005
1.0004
1.0004
1.0003
1.0003
1.0003
1.0003
1.0003
1.0004
1.0003
1.0003
1.0004
1.0004
1.0004
1.0005
1.0005
1.0004
1.0004
1.0004
1.0004
1.0004
1.0004
1.0004
1.0004
1.0004
1.0005
1.0005
1.0005
1.0005
1.0005
1.0006
1.0005
1.0005
1.0005
1.0005
1.0005
1.0005
1.0005
1.0005
1.0004
1.0005
1.0005
1.0006
1.0006
1.0006
1.0006
1.0006
1.0006
1.0005
1.0005
1.0004
1.0004
1.0004
1.0004
1.0004
1.0004
1.0004
1.0004
1.0004
1.0004
1.0005
1.0005
1.0005
1.0005
1.0006
1.0006
1.0006
1.0006
1.0006
1.0006
1.0006
1.0006
1.0006
1.0005
1.0006
1.0006
1.0006
1.0006
1.0006
1.0006
1.0006
1.0006
1.0006
1.0006
1.0006
1.0006
1.0006
1.0005
1.0005
1.0005
1.0005
1.0006
1.0006
1.0007
1.0007
1.0007
1.0007
1.0007
1.0007
1.0007
1.0007
1.0007
1.0007
1.0006
1.0006
1.0007
1.0007
1.0007
1.0006
1.0007
1.0006
1.0007
1.0007
1.0007
1.0007
1.0008
1.0007
1.0009
1.0009
1.0009
1.0008
1.0008
1.0007
1.0007
1.0007
1.0008
1.0008
1.0007
1.0008
1.0008
1.0007
1.0007
1.0007
1.0006
1.0006
1.0007
1.0007
1.0007
1.0008
1.0009
1.0008
1.0008
1.0008
1.0008
1.0008
1.0008
1.0008
1.0008
1.0008
1.0008
1.0008
1.0008
1.0008
1.0008
1.0008
1.0008
1.0009
1.0009
1.0009
1.0009
1.0010
1.0010
1.0009
1.0010
1.0009
1.0009
1.0009
1.0008
1.0008
1.0008
1.0008
1.0008
1.0009
1.0010
1.0010
1.0011
1.0010
1.0010
1.0009
1.0010
1.0010
1.0009
1.0010
1.0010
1.0010
1.0010
1.0010
1.0010
1.0010
1.0010
1.0009
1.0009
1.0009
1.0010
1.0009
1.0009
1.0009
1.0009
1.0009
1.0008
1.0009
1.0009
1.0009
1.0010
1.0011
1.0011
1.0012
1.0012
1.0012
1.0011
1.0010
1.0010
1.0010
1.0010
1.0010
1.0011
1.0010
1.0011
1.0011
1.0011
1.0010
1.0010
1.0010
1.0010
1.0009
1.0010
1.0010
1.0010
1.0010
1.0010
1.0010
1.0010
1.0009
1.0009
1.0009
1.0009
1.0009
1.0009
1.0008
1.0008
1.0008
1.0008
1.0009
1.0009
1.0009
1.0010
1.0010
1.0010
1.0010
1.0010
1.0010
1.0010
1.0011
1.0010
1.0010
1.0010
1.0010
1.0011
1.0011
1.0011
1.0012
1.0011
1.0011
1.0010
1.0011
1.0011
1.0010
1.0011
1.0012
1.0012
1.0012
1.0012
1.0012
1.0011
1.0011
1.0011
1.0011
1.0011
1.0011
1.0011
1.0012
1.0012
1.0011
1.0012
1.0012
1.0011
1.0012
1.0012
1.0012
1.0011
1.0011
1.0010
1.0010
1.0010
1.0010
1.0011
1.0012
1.0012
1.0012
1.0011
1.0011
1.0011
1.0010
1.0010
1.0011
1.0010
1.0011
1.0012
1.0012
1.0011
1.0011
1.0010
1.0010
1.0010
1.0010
1.0011
1.0011
1.0010
1.0011
1.0011
1.0012
1.0013
1.0013
1.0013
1.0013
1.0013
1.0012
1.0011
1.0011
1.0011
1.0011
1.0011
1.0012
1.0012
1.0012
1.0012
1.0011
1.0011
1.0012
1.0012
1.0012
1.0012
1.0012
1.0012
1.0012
1.0011
1.0011
1.0011
1.0011
1.0011
1.0011
1.0013
1.0012
1.0012
1.0012
1.0012
1.0010
1.0009
1.0009
1.0010
1.0010
1.0010
1.0012
1.0012
1.0011
1.0012
1.0012
1.0012
1.0011
1.0012
1.0012
1.0012
1.0011
1.0012
1.0013
1.0013
1.0013
1.0014
1.0013
1.0013
1.0014
1.0013
1.0012
1.0012
1.0012
1.0011
1.0011
1.0011
1.0012
1.0012
1.0012
1.0012
1.0011
1.0011
1.0010
1.0010
1.0010
1.0010
1.0010
1.0011
1.0012
1.0010
1.0011
1.0011
1.0011
1.0012
1.0014
1.0014
1.0014
1.0013
1.0012
1.0012
1.0012
1.0012
1.0013
1.0013
1.0013
1.0014
1.0014
1.0013
1.0012
1.0013
1.0013
1.0015
1.0015
1.0016
1.0015
1.0014
1.0013
1.0012
1.0012
1.0013
1.0013
1.0013
1.0013
1.0013
1.0013
1.0013
1.0015
1.0016
1.0015
1.0015
1.0015
1.0013
1.0014
1.0014
1.0014
1.0015
1.0014
1.0015
1.0016
1.0015
1.0015
1.0014
1.0013
1.0013
1.0013
1.0014
1.0013
1.0014
1.0013
1.0014
1.0014
1.0014
1.0014
1.0015
1.0014
1.0013
1.0014
1.0013
1.0013
1.0014
1.0015
1.0015
1.0017
1.0017
1.0016
1.0016
1.0016
1.0014
1.0014
1.0014
1.0015
1.0014
1.0015
1.0014
1.0015
1.0014
1.0015
1.0014
1.0015
1.0013
1.0014
1.0013
1.0014
1.0015
1.0017
1.0016
1.0016
1.0016
1.0015
1.0015
1.0015
1.0016
1.0015
1.0015
1.0016
1.0016
1.0015
1.0016
1.0017
1.0017
1.0017
1.0017
1.0016
1.0016
1.0016
1.0016
1.0016
1.0016
1.0017
1.0016
1.0016
1.0015
1.0015
1.0014
1.0014
1.0015
1.0016
1.0015
1.0015
1.0015
1.0014
1.0013
1.0013
1.0014
1.0015
1.0016
1.0017
1.0018
1.0018
1.0018
1.0017
1.0017
1.0017
1.0015
1.0014
1.0014
1.0014
1.0015
1.0017
1.0017
1.0018
1.0018
1.0018
1.0017
1.0017
1.0017
1.0016
1.0016
1.0016
1.0016
1.0016
1.0016
1.0017
1.0017
1.0017
1.0018
1.0017
1.0017
1.0017
1.0017
1.0017
1.0017
1.0017
1.0017
1.0018
1.0016
1.0017
1.0017
1.0017
1.0016
1.0018
1.0019
1.0019
1.0019
1.0020
1.0019
1.0018
1.0019
1.0018
1.0018
1.0019
1.0018
1.0017
1.0019
1.0018
1.0018
1.0019
1.0019
1.0018
1.0020
1.0020
1.0020
1.0022
1.0021
1.0021
1.0019
1.0019
1.0019
1.0019
1.0018
1.0018
1.0019
1.0018
1.0018
1.0019
1.0020
1.0022
1.0024
1.0024
1.0026
1.0024
1.0021
1.0019
1.0019
1.0018
1.0019
1.0020
1.0020
1.0020
1.0021
1.0020
1.0019
1.0017
1.0013
1.0012
1.0014
1.0016
1.0018
1.0021
1.0023
1.0022
1.0021
1.0022
1.0022
1.0021
1.0023
1.0023
1.0022
1.0022
1.0022
1.0022
1.0023
1.0023
1.0022
1.0023
1.0022
1.0022
1.0023
1.0022
1.0022
1.0021
1.0021
1.0020
1.0020
1.0019
1.0020
1.0021
1.0021
1.0022
1.0023
1.0021
1.0020
1.0021
1.0025
1.0026
1.0026
1.0027
1.0027
1.0023
1.0022
1.0022
1.0022
1.0023
1.0023
1.0024
1.0025
1.0025
1.0024
1.0025
1.0024
1.0024
1.0024
1.0023
1.0021
1.0021
1.0022
1.0021
1.0023
1.0024
1.0025
1.0024
1.0025
1.0023
1.0023
1.0023
1.0024
1.0024
1.0026
1.0027
1.0026
1.0024
1.0023
1.0023
1.0022
1.0023
1.0024
1.0024
1.0024
1.0024
1.0024
1.0023
1.0025
1.0024
1.0024
1.0024
1.0025
1.0024
1.0026
1.0025
1.0025
1.0023
1.0023
1.0022
1.0022
1.0022
1.0022
1.0021
1.0020
1.0019
1.0020
1.0021
1.0022
1.0021
1.0022
1.0022
1.0023
1.0022
1.0023
1.0023
1.0025
1.0024
1.0025
1.0024
1.0024
1.0023
1.0023
1.0022
1.0023
1.0023
1.0021
1.0021
1.0019
1.0017
1.0015
1.0015
1.0015
1.0015
1.0016
1.0017
1.0018
1.0021
1.0022
1.0021
1.0026
1.0039
1.0040
1.0055
1.0123
1.0461
1.0221
1.0263
