1.0122
1.0370
1.0185
0.8881
0.2741
-4.2246
2.5717
2.3891
2.3838
2.5435
2.7380
2.9037
3.0546
2.8635
2.6698
2.8934
2.7536
2.8133
3.2218
3.3595
2.5823
2.3882
2.3425
2.2938
2.1878
2.4591
2.4524
2.3407
2.3277
2.6834
2.5182
3.0334
3.1556
3.4525
2.3083
2.2935
2.0982
2.0528
1.9263
2.0527
2.0590
2.1807
2.1787
2.2176
2.4077
2.4570
2.1341
2.1748
2.1131
1.9303
1.9431
1.9851
1.9069
1.8728
2.0014
1.8953
1.9135
1.9351
1.9295
1.9066
1.9711
1.9807
2.0931
2.1314
2.0944
2.0994
2.0989
2.0924
2.1511
2.1584
2.0506
1.9595
1.9209
1.8555
1.8258
1.8842
1.9509
1.8628
1.9140
1.8307
1.8154
1.7705
1.8232
1.8269
1.8398
1.8277
1.8308
1.8087
1.7692
1.8690
1.8447
1.8282
1.8061
1.8369
1.7972
1.8135
1.8475
1.8278
1.8319
1.8214
1.7919
1.7683
1.8179
1.7470
1.7397
1.7711
1.7987
1.7547
1.8099
1.7615
1.7308
1.7155
1.7019
1.6959
1.7085
1.6663
1.6741
1.6827
1.6573
1.6616
1.6548
1.6101
1.6061
1.6034
1.6131
1.6272
1.6444
1.6162
1.6156
1.5842
1.5865
1.5808
1.6016
1.6289
1.6660
1.6726
1.6733
1.6837
1.6458
1.6382
1.6355
1.6328
1.6231
1.6463
1.6422
1.6304
1.6306
1.6650
1.6348
1.6391
1.6264
1.6395
1.6203
1.6367
1.6525
1.7131
1.7215
1.7056
1.7654
1.7664
1.7160
1.7401
1.8005
1.7874
1.7890
1.8514
1.8739
1.8489
1.7222
1.7473
1.7346
1.7326
1.7520
1.9130
1.8087
1.8655
1.8490
1.7909
1.7765
1.8188
1.7610
1.7594
1.7994
1.7688
1.7862
1.8479
1.8710
1.8488
1.9215
1.8967
1.8952
1.8857
1.8853
1.8645
1.8616
1.8087
1.8357
1.8080
1.7682
1.7913
1.8184
1.7750
1.7587
1.7508
1.7623
1.7909
1.7806
1.7793
1.8358
1.7442
1.7101
1.6839
1.6877
1.6434
1.6281
1.5985
1.6118
1.6109
1.5907
1.5620
1.5612
1.5148
1.4749
1.4327
1.4143
1.3807
1.3736
1.3697
1.3854
1.3892
1.3947
1.3733
1.3480
1.3084
1.2749
1.2421
1.2136
1.1874
1.1691
1.1464
1.1279
1.1096
1.0958
1.0842
1.0903
1.0992
1.1217
1.1426
1.1510
1.1328
1.1079
1.0761
1.0547
1.0359
1.0233
1.0125
1.0051
0.9920
0.9831
0.9768
0.9715
0.9642
0.9625
0.9632
0.9700
0.9808
0.9970
1.0096
1.0224
1.0197
1.0096
0.9961
0.9888
0.9777
0.9711
0.9659
0.9623
0.9587
0.9569
0.9561
0.9549
0.9546
0.9535
0.9530
0.9542
0.9546
0.9553
0.9597
0.9662
0.9707
0.9765
0.9794
0.9775
0.9729
0.9699
0.9689
0.9680
0.9683
0.9678
0.9674
0.9669
0.9667
0.9656
0.9666
0.9670
0.9663
0.9664
0.9672
0.9664
0.9660
0.9668
0.9682
0.9701
0.9737
0.9770
0.9793
0.9809
0.9805
0.9783
0.9769
0.9778
0.9777
0.9780
0.9784
0.9782
0.9780
0.9789
0.9786
0.9789
0.9803
0.9803
0.9798
0.9811
0.9820
0.9817
0.9822
0.9836
0.9841
0.9838
0.9841
0.9849
0.9867
0.9889
0.9908
0.9926
0.9934
0.9919
0.9892
0.9883
0.9884
0.9881
0.9885
0.9887
0.9882
0.9887
0.9890
0.9884
0.9891
0.9901
0.9892
0.9892
0.9901
0.9896
0.9890
0.9897
0.9904
0.9902
0.9903
0.9910
0.9915
0.9916
0.9919
0.9930
0.9950
0.9964
0.9970
0.9975
0.9969
0.9952
0.9936
0.9937
0.9935
0.9937
0.9938
0.9935
0.9933
0.9936
0.9931
0.9929
0.9935
0.9931
0.9928
0.9935
0.9936
0.9931
0.9933
0.9937
0.9937
0.9935
0.9939
0.9946
0.9949
0.9950
0.9952
0.9955
0.9955
0.9959
0.9971
0.9984
0.9991
0.9996
0.9995
0.9987
0.9975
0.9971
0.9968
0.9966
0.9967
0.9966
0.9966
0.9969
0.9970
0.9967
0.9971
0.9972
0.9969
0.9971
0.9976
0.9973
0.9974
0.9977
0.9978
0.9975
0.9976
0.9977
0.9976
0.9975
0.9976
0.9977
0.9977
0.9977
0.9976
0.9976
0.9976
0.9979
0.9983
0.9984
0.9984
0.9981
0.9975
0.9968
0.9966
0.9965
0.9964
0.9964
0.9961
0.9959
0.9959
0.9958
0.9956
0.9959
0.9962
0.9964
0.9969
0.9974
0.9974
0.9974
0.9976
0.9977
0.9978
0.9981
0.9985
0.9989
0.9991
0.9992
0.9995
0.9995
0.9994
0.9993
0.9995
0.9994
0.9994
0.9996
0.9998
0.9999
1.0001
1.0003
1.0002
1.0003
1.0001
1.0000
0.9999
0.9999
0.9999
0.9999
0.9999
0.9999
0.9999
0.9999
0.9998
0.9996
0.9995
0.9993
0.9993
0.9993
0.9993
0.9994
0.9996
0.9996
0.9995
0.9997
0.9996
0.9996
0.9995
0.9995
0.9994
0.9994
0.9994
0.9994
0.9994
0.9994
0.9995
0.9995
0.9994
0.9995
0.9994
0.9992
0.9992
0.9991
0.9989
0.9987
0.9986
0.9986
0.9986
0.9988
0.9988
0.9989
0.9991
0.9991
0.9992
0.9994
0.9996
0.9996
0.9999
1.0000
1.0002
1.0002
1.0004
1.0005
1.0006
1.0007
1.0008
1.0008
1.0008
1.0009
1.0010
1.0010
1.0011
1.0013
1.0013
1.0013
1.0013
1.0013
1.0013
1.0013
1.0013
1.0014
1.0014
1.0013
1.0012
1.0013
1.0012
1.0012
1.0013
1.0013
1.0013
1.0011
1.0012
1.0011
1.0011
1.0012
1.0013
1.0013
1.0013
1.0013
1.0013
1.0014
1.0014
1.0014
1.0015
1.0017
1.0018
1.0018
1.0018
1.0017
1.0017
1.0016
1.0016
1.0016
1.0016
1.0016
1.0016
1.0017
1.0018
1.0020
1.0020
1.0021
1.0020
1.0019
1.0019
1.0019
1.0019
1.0019
1.0020
1.0020
1.0019
1.0019
1.0020
1.0020
1.0020
1.0020
1.0021
1.0020
1.0020
1.0021
1.0020
1.0019
1.0019
1.0019
1.0019
1.0019
1.0019
1.0020
1.0020
1.0019
1.0019
1.0018
1.0017
1.0018
1.0018
1.0017
1.0017
1.0017
1.0016
1.0015
1.0015
1.0014
1.0014
1.0015
1.0016
1.0016
1.0017
1.0016
1.0016
1.0015
1.0017
1.0017
1.0018
1.0018
1.0019
1.0019
1.0018
1.0018
1.0018
1.0019
1.0018
1.0019
1.0019
1.0020
1.0020
1.0020
1.0020
1.0020
1.0019
1.0019
1.0018
1.0018
1.0018
1.0018
1.0019
1.0020
1.0021
1.0021
1.0021
1.0020
1.0020
1.0020
1.0020
1.0019
1.0019
1.0019
1.0018
1.0018
1.0018
1.0018
1.0019
1.0019
1.0020
1.0020
1.0020
1.0019
1.0019
1.0018
1.0017
1.0016
1.0016
1.0016
1.0014
1.0014
1.0013
1.0012
1.0012
1.0011
1.0010
1.0010
1.0010
1.0009
1.0009
1.0010
1.0011
1.0010
1.0011
1.0011
1.0010
1.0011
1.0011
1.0011
1.0012
1.0012
1.0012
1.0012
1.0012
1.0012
1.0013
1.0013
1.0014
1.0014
1.0015
1.0015
1.0015
1.0014
1.0014
1.0014
1.0014
1.0013
1.0014
1.0014
1.0013
1.0013
1.0013
1.0013
1.0013
1.0013
1.0013
1.0012
1.0012
1.0013
1.0013
1.0012
1.0012
1.0011
1.0011
1.0011
1.0011
1.0012
1.0012
1.0012
1.0012
1.0012
1.0013
1.0012
1.0012
1.0012
1.0011
1.0011
1.0010
1.0010
1.0010
1.0010
1.0010
1.0009
1.0009
1.0008
1.0007
1.0005
1.0006
1.0006
1.0006
1.0007
1.0007
1.0007
1.0007
1.0007
1.0007
1.0008
1.0007
1.0007
1.0008
1.0008
1.0008
1.0009
1.0009
1.0009
1.0009
1.0008
1.0008
1.0008
1.0008
1.0008
1.0008
1.0008
1.0007
1.0007
1.0007
1.0007
1.0007
1.0008
1.0009
1.0009
1.0009
1.0009
1.0009
1.0009
1.0009
1.0008
1.0008
1.0008
1.0008
1.0009
1.0009
1.0009
1.0009
1.0009
1.0008
1.0007
1.0007
1.0007
1.0006
1.0006
1.0007
1.0007
1.0007
1.0007
1.0006
1.0006
1.0006
1.0006
1.0007
1.0008
1.0008
1.0009
1.0009
1.0009
1.0008
1.0008
1.0008
1.0007
1.0006
1.0006
1.0006
1.0005
1.0004
1.0004
1.0004
1.0003
1.0003
1.0004
1.0003
1.0004
1.0005
1.0005
1.0005
1.0005
1.0005
1.0004
1.0004
1.0004
1.0003
1.0004
1.0004
1.0004
1.0005
1.0005
1.0005
1.0005
1.0006
1.0006
1.0006
1.0005
1.0005
1.0004
1.0004
1.0004
1.0004
1.0004
1.0004
1.0005
1.0004
1.0004
1.0004
1.0003
1.0003
1.0002
1.0001
1.0001
0.9999
0.9999
0.9999
0.9999
1.0000
1.0002
1.0002
1.0002
1.0003
1.0003
1.0003
1.0003
1.0003
1.0003
1.0002
1.0002
1.0003
1.0003
1.0002
1.0003
1.0003
1.0002
1.0003
1.0003
1.0003
1.0004
1.0004
1.0004
1.0004
1.0003
1.0002
1.0002
1.0003
1.0003
1.0002
1.0002
1.0002
1.0002
1.0002
1.0003
1.0003
1.0003
1.0004
1.0003
1.0003
1.0004
1.0004
1.0003
1.0003
1.0003
1.0003
1.0002
1.0002
1.0002
1.0003
1.0004
1.0004
1.0005
1.0005
1.0005
1.0005
1.0004
1.0004
1.0003
1.0003
1.0002
1.0002
1.0003
1.0003
1.0003
1.0004
1.0004
1.0005
1.0005
1.0005
1.0004
1.0004
1.0003
1.0003
1.0003
1.0003
1.0004
1.0005
1.0005
1.0005
1.0005
1.0005
1.0005
1.0005
1.0005
1.0005
1.0005
1.0004
1.0004
1.0005
1.0005
1.0004
1.0004
1.0004
1.0003
1.0003
1.0003
1.0004
1.0004
1.0003
1.0003
1.0004
1.0004
1.0004
1.0004
1.0005
1.0005
1.0005
1.0004
1.0005
1.0004
1.0004
1.0004
1.0004
1.0003
1.0002
1.0002
1.0002
1.0003
1.0003
1.0003
1.0003
1.0004
1.0004
1.0004
1.0004
1.0004
1.0003
1.0003
1.0003
1.0004
1.0004
1.0005
1.0005
1.0005
1.0004
1.0004
1.0004
1.0004
1.0005
1.0005
1.0005
1.0005
1.0004
1.0004
1.0004
1.0004
1.0004
1.0004
1.0004
1.0004
1.0004
1.0004
1.0004
1.0004
1.0004
1.0004
1.0004
1.0005
1.0005
1.0005
1.0005
1.0006
1.0006
1.0006
1.0005
1.0005
1.0005
1.0005
1.0004
1.0004
1.0005
1.0005
1.0005
1.0005
1.0005
1.0004
1.0004
1.0003
1.0003
1.0003
1.0003
1.0004
1.0005
1.0006
1.0006
1.0006
1.0006
1.0005
1.0004
1.0003
1.0003
1.0003
1.0004
1.0004
1.0005
1.0005
1.0005
1.0005
1.0004
1.0004
1.0004
1.0004
1.0004
1.0004
1.0003
1.0003
1.0003
1.0003
1.0004
1.0003
1.0003
1.0003
1.0003
1.0003
1.0003
1.0003
1.0003
1.0004
1.0004
1.0004
1.0004
1.0003
1.0003
1.0003
1.0003
1.0003
1.0003
1.0003
1.0004
1.0004
1.0005
1.0005
1.0005
1.0005
1.0005
1.0005
1.0005
1.0005
1.0005
1.0004
1.0004
1.0003
1.0002
1.0002
1.0002
1.0002
1.0003
1.0004
1.0005
1.0006
1.0007
1.0006
1.0006
1.0005
1.0003
1.0002
1.0002
1.0001
1.0002
1.0002
1.0002
1.0003
1.0004
1.0004
1.0005
1.0006
1.0006
1.0005
1.0005
1.0005
1.0005
1.0005
1.0004
1.0004
1.0004
1.0003
1.0002
1.0002
1.0002
1.0003
1.0003
1.0004
1.0004
1.0004
1.0004
1.0003
1.0003
1.0004
1.0004
1.0003
1.0003
1.0003
1.0004
1.0004
1.0005
1.0005
1.0005
1.0005
1.0004
1.0003
1.0003
1.0003
1.0002
1.0002
1.0002
1.0002
1.0002
1.0002
1.0003
1.0004
1.0004
1.0003
1.0003
1.0003
1.0003
1.0003
1.0003
1.0003
1.0003
1.0003
1.0002
1.0002
1.0002
1.0002
1.0002
1.0003
1.0003
1.0004
1.0003
1.0003
1.0003
1.0003
1.0003
1.0003
1.0003
1.0003
1.0003
1.0003
1.0003
1.0003
1.0003
1.0003
1.0003
1.0003
1.0004
1.0004
1.0004
1.0004
1.0003
1.0003
1.0002
1.0002
1.0003
1.0003
1.0004
1.0004
1.0004
1.0004
1.0003
1.0003
1.0003
1.0003
1.0003
1.0004
1.0004
1.0004
1.0004
1.0004
1.0004
1.0004
1.0004
1.0005
1.0005
1.0005
1.0005
1.0004
1.0004
1.0003
1.0004
1.0004
1.0004
1.0003
1.0004
1.0003
1.0003
1.0004
1.0004
1.0004
1.0005
1.0005
1.0004
1.0004
1.0004
1.0004
1.0004
1.0004
1.0004
1.0004
1.0004
1.0005
1.0005
1.0005
1.0005
1.0005
1.0006
1.0005
1.0005
1.0005
1.0005
1.0005
1.0005
1.0005
1.0005
1.0005
1.0005
1.0005
1.0006
1.0006
1.0006
1.0006
1.0006
1.0006
1.0005
1.0005
1.0005
1.0004
1.0004
1.0004
1.0004
1.0004
1.0004
1.0004
1.0004
1.0005
1.0005
1.0005
1.0005
1.0005
1.0005
1.0005
1.0006
1.0006
1.0006
1.0006
1.0006
1.0006
1.0006
1.0006
1.0006
1.0006
1.0006
1.0006
1.0006
1.0006
1.0006
1.0006
1.0006
1.0006
1.0006
1.0006
1.0006
1.0005
1.0005
1.0005
1.0005
1.0006
1.0007
1.0007
1.0007
1.0007
1.0007
1.0007
1.0007
1.0007
1.0007
1.0007
1.0007
1.0006
1.0006
1.0007
1.0007
1.0006
1.0006
1.0007
1.0006
1.0007
1.0007
1.0007
1.0007
1.0008
1.0007
1.0008
1.0009
1.0009
1.0008
1.0008
1.0007
1.0007
1.0007
1.0008
1.0008
1.0008
1.0008
1.0008
1.0007
1.0007
1.0007
1.0007
1.0006
1.0007
1.0007
1.0007
1.0008
1.0009
1.0009
1.0009
1.0009
1.0008
1.0008
1.0008
1.0008
1.0008
1.0008
1.0008
1.0008
1.0008
1.0008
1.0008
1.0008
1.0008
1.0009
1.0009
1.0009
1.0009
1.0010
1.0010
1.0009
1.0010
1.0009
1.0009
1.0009
1.0008
1.0008
1.0008
1.0008
1.0008
1.0009
1.0010
1.0010
1.0011
1.0010
1.0010
1.0010
1.0010
1.0010
1.0010
1.0010
1.0010
1.0010
1.0010
1.0010
1.0010
1.0010
1.0010
1.0009
1.0009
1.0009
1.0010
1.0009
1.0009
1.0009
1.0009
1.0009
1.0008
1.0009
1.0009
1.0009
1.0010
1.0011
1.0011
1.0012
1.0012
1.0012
1.0011
1.0010
1.0010
1.0010
1.0010
1.0010
1.0011
1.0010
1.0011
1.0011
1.0011
1.0010
1.0010
1.0010
1.0010
1.0009
1.0010
1.0010
1.0010
1.0010
1.0010
1.0010
1.0010
1.0009
1.0009
1.0009
1.0009
1.0009
1.0009
1.0008
1.0008
1.0008
1.0008
1.0009
1.0009
1.0009
1.0010
1.0010
1.0010
1.0011
1.0011
1.0010
1.0011
1.0011
1.0010
1.0010
1.0009
1.0010
1.0010
1.0011
1.0011
1.0012
1.0011
1.0011
1.0011
1.0011
1.0011
1.0011
1.0011
1.0012
1.0012
1.0012
1.0012
1.0012
1.0011
1.0011
1.0011
1.0011
1.0011
1.0011
1.0011
1.0012
1.0012
1.0012
1.0012
1.0012
1.0011
1.0012
1.0012
1.0012
1.0011
1.0011
1.0010
1.0010
1.0010
1.0010
1.0011
1.0011
1.0012
1.0012
1.0011
1.0011
1.0011
1.0010
1.0010
1.0011
1.0010
1.0011
1.0012
1.0012
1.0012
1.0011
1.0010
1.0010
1.0010
1.0010
1.0011
1.0011
1.0010
1.0011
1.0011
1.0012
1.0013
1.0014
1.0013
1.0013
1.0013
1.0013
1.0011
1.0011
1.0011
1.0011
1.0011
1.0012
1.0012
1.0012
1.0012
1.0012
1.0011
1.0012
1.0012
1.0012
1.0012
1.0012
1.0012
1.0012
1.0011
1.0011
1.0011
1.0011
1.0011
1.0011
1.0013
1.0012
1.0013
1.0013
1.0012
1.0010
1.0009
1.0009
1.0009
1.0010
1.0010
1.0012
1.0012
1.0012
1.0012
1.0012
1.0012
1.0011
1.0011
1.0011
1.0011
1.0010
1.0012
1.0013
1.0013
1.0013
1.0014
1.0013
1.0013
1.0014
1.0013
1.0012
1.0012
1.0012
1.0011
1.0011
1.0011
1.0012
1.0012
1.0012
1.0012
1.0011
1.0012
1.0010
1.0010
1.0010
1.0010
1.0010
1.0011
1.0011
1.0010
1.0010
1.0011
1.0011
1.0012
1.0013
1.0014
1.0014
1.0013
1.0012
1.0012
1.0012
1.0012
1.0013
1.0014
1.0013
1.0014
1.0014
1.0012
1.0012
1.0013
1.0013
1.0015
1.0015
1.0016
1.0015
1.0014
1.0013
1.0012
1.0012
1.0013
1.0013
1.0013
1.0012
1.0013
1.0013
1.0013
1.0015
1.0016
1.0015
1.0015
1.0015
1.0013
1.0013
1.0013
1.0014
1.0015
1.0014
1.0015
1.0016
1.0015
1.0015
1.0014
1.0013
1.0013
1.0013
1.0014
1.0014
1.0014
1.0014
1.0014
1.0014
1.0014
1.0014
1.0014
1.0014
1.0013
1.0014
1.0013
1.0013
1.0014
1.0015
1.0015
1.0017
1.0017
1.0016
1.0016
1.0016
1.0014
1.0014
1.0014
1.0014
1.0014
1.0015
1.0014
1.0015
1.0014
1.0015
1.0014
1.0015
1.0013
1.0014
1.0013
1.0014
1.0015
1.0017
1.0016
1.0016
1.0016
1.0015
1.0014
1.0015
1.0016
1.0016
1.0015
1.0016
1.0016
1.0015
1.0016
1.0017
1.0017
1.0017
1.0017
1.0016
1.0016
1.0016
1.0016
1.0016
1.0016
1.0017
1.0016
1.0016
1.0015
1.0015
1.0014
1.0014
1.0015
1.0015
1.0015
1.0015
1.0015
1.0014
1.0013
1.0013
1.0014
1.0015
1.0016
1.0017
1.0018
1.0018
1.0018
1.0017
1.0017
1.0016
1.0015
1.0014
1.0014
1.0014
1.0015
1.0017
1.0017
1.0018
1.0018
1.0018
1.0017
1.0017
1.0017
1.0016
1.0016
1.0016
1.0016
1.0016
1.0017
1.0017
1.0017
1.0017
1.0018
1.0017
1.0017
1.0017
1.0017
1.0016
1.0017
1.0017
1.0017
1.0018
1.0017
1.0017
1.0017
1.0017
1.0016
1.0018
1.0019
1.0019
1.0019
1.0020
1.0019
1.0018
1.0019
1.0018
1.0018
1.0019
1.0018
1.0017
1.0018
1.0018
1.0018
1.0019
1.0019
1.0018
1.0020
1.0020
1.0020
1.0022
1.0021
1.0021
1.0019
1.0019
1.0019
1.0019
1.0018
1.0018
1.0019
1.0018
1.0018
1.0019
1.0020
1.0022
1.0024
1.0024
1.0025
1.0024
1.0021
1.0019
1.0019
1.0018
1.0019
1.0019
1.0019
1.0020
1.0021
1.0019
1.0018
1.0016
1.0013
1.0012
1.0014
1.0016
1.0018
1.0021
1.0023
1.0022
1.0021
1.0022
1.0022
1.0021
1.0023
1.0023
1.0022
1.0022
1.0022
1.0022
1.0023
1.0023
1.0022
1.0023
1.0022
1.0022
1.0022
1.0022
1.0022
1.0021
1.0021
1.0020
1.0020
1.0019
1.0020
1.0021
1.0021
1.0022
1.0023
1.0021
1.0020
1.0021
1.0025
1.0026
1.0026
1.0027
1.0027
1.0023
1.0022
1.0022
1.0022
1.0023
1.0023
1.0024
1.0025
1.0024
1.0024
1.0025
1.0024
1.0024
1.0025
1.0023
1.0021
1.0021
1.0021
1.0021
1.0023
1.0024
1.0025
1.0024
1.0025
1.0024
1.0023
1.0023
1.0024
1.0024
1.0026
1.0027
1.0026
1.0024
1.0023
1.0023
1.0021
1.0022
1.0024
1.0023
1.0023
1.0024
1.0024
1.0023
1.0025
1.0023
1.0024
1.0024
1.0025
1.0024
1.0026
1.0025
1.0025
1.0023
1.0023
1.0022
1.0022
1.0022
1.0022
1.0021
1.0020
1.0019
1.0020
1.0021
1.0022
1.0021
1.0022
1.0022
1.0023
1.0023
1.0023
1.0023
1.0025
1.0024
1.0024
1.0024
1.0024
1.0023
1.0022
1.0022
1.0023
1.0023
1.0021
1.0020
1.0019
1.0017
1.0015
1.0015
1.0015
1.0015
1.0016
1.0017
1.0018
1.0021
1.0022
1.0021
1.0026
1.0039
1.0040
1.0055
1.0123
1.0459
1.0222
1.0262
