1.0122
1.0368
1.0185
0.8877
0.2734
-4.2229
2.5709
2.3885
2.3822
2.5422
2.7378
2.9053
3.0551
2.8644
2.6708
2.8939
2.7526
2.8137
3.2228
3.3598
2.5831
2.3883
2.3425
2.2932
2.1878
2.4597
2.4536
2.3417
2.3292
2.6846
2.5174
3.0317
3.1547
3.4504
2.3068
2.2933
2.0979
2.0520
1.9256
2.0533
2.0593
2.1813
2.1789
2.2175
2.4061
2.4542
2.1320
2.1735
2.1123
1.9296
1.9426
1.9849
1.9068
1.8728
2.0020
1.8961
1.9142
1.9352
1.9292
1.9057
1.9696
1.9799
2.0931
2.1316
2.0952
2.1006
2.0998
2.0928
2.1515
2.1581
2.0501
1.9590
1.9202
1.8551
1.8258
1.8843
1.9510
1.8632
1.9146
1.8307
1.8155
1.7707
1.8232
1.8267
1.8399
1.8276
1.8308
1.8087
1.7696
1.8693
1.8447
1.8284
1.8062
1.8371
1.7973
1.8141
1.8475
1.8279
1.8317
1.8214
1.7919
1.7686
1.8182
1.7470
1.7398
1.7712
1.7984
1.7544
1.8101
1.7621
1.7310
1.7156
1.7019
1.6956
1.7076
1.6655
1.6736
1.6823
1.6569
1.6612
1.6545
1.6098
1.6058
1.6032
1.6132
1.6273
1.6446
1.6165
1.6158
1.5840
1.5861
1.5805
1.6012
1.6285
1.6656
1.6725
1.6732
1.6834
1.6456
1.6383
1.6355
1.6325
1.6227
1.6460
1.6416
1.6299
1.6305
1.6651
1.6350
1.6394
1.6266
1.6396
1.6205
1.6369
1.6527
1.7137
1.7221
1.7063
1.7657
1.7666
1.7161
1.7401
1.7995
1.7866
1.7879
1.8500
1.8726
1.8487
1.7221
1.7473
1.7346
1.7326
1.7516
1.9125
1.8089
1.8657
1.8490
1.7912
1.7766
1.8187
1.7609
1.7593
1.7995
1.7689
1.7860
1.8478
1.8705
1.8482
1.9210
1.8965
1.8945
1.8858
1.8855
1.8650
1.8628
1.8097
1.8365
1.8081
1.7682
1.7909
1.8184
1.7746
1.7585
1.7503
1.7614
1.7899
1.7801
1.7789
1.8354
1.7438
1.7095
1.6830
1.6866
1.6425
1.6272
1.5975
1.6114
1.6107
1.5906
1.5621
1.5619
1.5152
1.4752
1.4331
1.4148
1.3807
1.3734
1.3697
1.3854
1.3892
1.3949
1.3736
1.3478
1.3081
1.2746
1.2416
1.2131
1.1873
1.1689
1.1462
1.1277
1.1096
1.0955
1.0840
1.0902
1.0991
1.1215
1.1426
1.1510
1.1331
1.1080
1.0762
1.0547
1.0358
1.0230
1.0122
1.0048
0.9918
0.9829
0.9766
0.9713
0.9640
0.9624
0.9631
0.9699
0.9807
0.9968
1.0095
1.0223
1.0195
1.0095
0.9960
0.9886
0.9775
0.9710
0.9658
0.9621
0.9585
0.9568
0.9560
0.9548
0.9545
0.9534
0.9528
0.9541
0.9544
0.9551
0.9595
0.9660
0.9706
0.9764
0.9792
0.9774
0.9728
0.9698
0.9687
0.9679
0.9682
0.9677
0.9673
0.9668
0.9666
0.9654
0.9665
0.9669
0.9662
0.9663
0.9671
0.9662
0.9658
0.9667
0.9680
0.9700
0.9736
0.9769
0.9792
0.9808
0.9805
0.9783
0.9768
0.9778
0.9776
0.9778
0.9783
0.9782
0.9779
0.9789
0.9785
0.9788
0.9802
0.9802
0.9797
0.9810
0.9819
0.9817
0.9822
0.9835
0.9841
0.9838
0.9841
0.9849
0.9867
0.9888
0.9908
0.9925
0.9933
0.9918
0.9891
0.9881
0.9883
0.9880
0.9884
0.9887
0.9882
0.9886
0.9890
0.9883
0.9891
0.9901
0.9892
0.9892
0.9901
0.9896
0.9889
0.9896
0.9904
0.9902
0.9903
0.9910
0.9915
0.9916
0.9919
0.9930
0.9950
0.9964
0.9970
0.9974
0.9969
0.9952
0.9936
0.9937
0.9936
0.9938
0.9938
0.9935
0.9933
0.9936
0.9931
0.9929
0.9935
0.9931
0.9928
0.9934
0.9936
0.9931
0.9933
0.9936
0.9936
0.9934
0.9939
0.9945
0.9949
0.9949
0.9952
0.9954
0.9955
0.9959
0.9971
0.9984
0.9991
0.9995
0.9995
0.9987
0.9975
0.9971
0.9968
0.9965
0.9967
0.9966
0.9965
0.9969
0.9970
0.9967
0.9971
0.9972
0.9969
0.9971
0.9975
0.9973
0.9974
0.9976
0.9977
0.9975
0.9976
0.9977
0.9976
0.9975
0.9976
0.9977
0.9976
0.9977
0.9976
0.9976
0.9976
0.9979
0.9983
0.9984
0.9983
0.9980
0.9974
0.9968
0.9965
0.9964
0.9964
0.9963
0.9961
0.9959
0.9959
0.9958
0.9956
0.9959
0.9962
0.9964
0.9969
0.9974
0.9974
0.9974
0.9975
0.9977
0.9978
0.9980
0.9985
0.9989
0.9991
0.9992
0.9995
0.9995
0.9994
0.9993
0.9995
0.9994
0.9994
0.9996
0.9998
0.9999
1.0001
1.0003
1.0002
1.0003
1.0001
1.0000
0.9999
0.9999
0.9999
0.9999
0.9999
0.9999
0.9999
0.9998
0.9998
0.9996
0.9994
0.9993
0.9993
0.9993
0.9993
0.9994
0.9995
0.9995
0.9995
0.9996
0.9996
0.9996
0.9995
0.9995
0.9994
0.9994
0.9994
0.9994
0.9994
0.9994
0.9995
0.9995
0.9994
0.9995
0.9994
0.9992
0.9991
0.9991
0.9988
0.9987
0.9986
0.9985
0.9986
0.9988
0.9988
0.9989
0.9991
0.9991
0.9992
0.9994
0.9995
0.9996
0.9998
1.0000
1.0002
1.0002
1.0004
1.0005
1.0006
1.0007
1.0008
1.0008
1.0008
1.0009
1.0010
1.0011
1.0011
1.0013
1.0013
1.0013
1.0013
1.0013
1.0013
1.0013
1.0013
1.0014
1.0013
1.0013
1.0012
1.0012
1.0012
1.0012
1.0013
1.0013
1.0012
1.0011
1.0012
1.0011
1.0012
1.0012
1.0013
1.0013
1.0013
1.0013
1.0013
1.0013
1.0014
1.0014
1.0015
1.0017
1.0018
1.0018
1.0018
1.0017
1.0017
1.0016
1.0016
1.0016
1.0016
1.0016
1.0016
1.0017
1.0018
1.0020
1.0020
1.0021
1.0019
1.0019
1.0019
1.0019
1.0018
1.0019
1.0020
1.0019
1.0019
1.0019
1.0020
1.0020
1.0020
1.0020
1.0021
1.0020
1.0020
1.0021
1.0020
1.0019
1.0019
1.0019
1.0019
1.0019
1.0019
1.0020
1.0019
1.0019
1.0019
1.0018
1.0017
1.0018
1.0018
1.0017
1.0017
1.0017
1.0016
1.0015
1.0015
1.0014
1.0014
1.0015
1.0016
1.0016
1.0017
1.0016
1.0016
1.0015
1.0016
1.0017
1.0018
1.0018
1.0018
1.0018
1.0018
1.0017
1.0018
1.0019
1.0018
1.0019
1.0020
1.0020
1.0020
1.0020
1.0020
1.0020
1.0019
1.0019
1.0018
1.0018
1.0018
1.0018
1.0019
1.0020
1.0021
1.0021
1.0021
1.0020
1.0020
1.0019
1.0019
1.0019
1.0019
1.0019
1.0018
1.0018
1.0018
1.0018
1.0019
1.0019
1.0019
1.0020
1.0019
1.0019
1.0018
1.0018
1.0016
1.0016
1.0016
1.0016
1.0014
1.0014
1.0013
1.0012
1.0012
1.0011
1.0010
1.0010
1.0010
1.0009
1.0009
1.0010
1.0011
1.0011
1.0011
1.0011
1.0010
1.0011
1.0011
1.0012
1.0012
1.0012
1.0012
1.0012
1.0012
1.0013
1.0013
1.0014
1.0014
1.0014
1.0015
1.0015
1.0015
1.0014
1.0014
1.0014
1.0014
1.0013
1.0014
1.0013
1.0013
1.0013
1.0013
1.0012
1.0013
1.0013
1.0012
1.0012
1.0012
1.0013
1.0013
1.0012
1.0012
1.0012
1.0011
1.0011
1.0011
1.0012
1.0012
1.0012
1.0012
1.0012
1.0012
1.0012
1.0012
1.0011
1.0011
1.0010
1.0010
1.0010
1.0010
1.0010
1.0010
1.0009
1.0009
1.0007
1.0006
1.0005
1.0006
1.0006
1.0006
1.0007
1.0007
1.0007
1.0007
1.0007
1.0007
1.0008
1.0007
1.0007
1.0008
1.0008
1.0008
1.0009
1.0009
1.0009
1.0009
1.0008
1.0008
1.0008
1.0008
1.0008
1.0008
1.0008
1.0007
1.0007
1.0007
1.0007
1.0007
1.0008
1.0008
1.0009
1.0008
1.0009
1.0009
1.0009
1.0008
1.0008
1.0008
1.0008
1.0008
1.0009
1.0009
1.0009
1.0009
1.0009
1.0008
1.0007
1.0007
1.0006
1.0006
1.0006
1.0007
1.0007
1.0008
1.0007
1.0006
1.0006
1.0006
1.0006
1.0007
1.0008
1.0008
1.0009
1.0009
1.0009
1.0008
1.0008
1.0007
1.0007
1.0006
1.0006
1.0006
1.0005
1.0004
1.0004
1.0003
1.0003
1.0003
1.0004
1.0004
1.0004
1.0005
1.0005
1.0005
1.0005
1.0004
1.0004
1.0004
1.0003
1.0003
1.0003
1.0004
1.0004
1.0005
1.0005
1.0005
1.0005
1.0006
1.0006
1.0006
1.0006
1.0005
1.0004
1.0004
1.0004
1.0004
1.0004
1.0004
1.0004
1.0004
1.0004
1.0004
1.0003
1.0002
1.0002
1.0001
1.0000
0.9999
0.9999
0.9999
0.9999
1.0000
1.0001
1.0002
1.0002
1.0003
1.0003
1.0003
1.0003
1.0003
1.0003
1.0003
1.0002
1.0003
1.0002
1.0002
1.0003
1.0002
1.0002
1.0003
1.0003
1.0002
1.0004
1.0004
1.0004
1.0004
1.0003
1.0003
1.0002
1.0003
1.0003
1.0002
1.0002
1.0002
1.0002
1.0002
1.0003
1.0003
1.0003
1.0004
1.0003
1.0003
1.0004
1.0004
1.0003
1.0003
1.0003
1.0002
1.0002
1.0002
1.0002
1.0003
1.0004
1.0004
1.0005
1.0005
1.0005
1.0005
1.0004
1.0004
1.0003
1.0003
1.0002
1.0002
1.0003
1.0003
1.0003
1.0004
1.0004
1.0005
1.0005
1.0005
1.0004
1.0004
1.0003
1.0003
1.0003
1.0003
1.0004
1.0005
1.0005
1.0005
1.0005
1.0005
1.0005
1.0005
1.0005
1.0005
1.0005
1.0004
1.0004
1.0005
1.0004
1.0004
1.0004
1.0004
1.0003
1.0003
1.0003
1.0004
1.0004
1.0003
1.0003
1.0004
1.0003
1.0004
1.0004
1.0005
1.0005
1.0005
1.0004
1.0005
1.0004
1.0004
1.0004
1.0004
1.0003
1.0002
1.0002
1.0002
1.0002
1.0003
1.0003
1.0003
1.0004
1.0004
1.0004
1.0004
1.0004
1.0003
1.0003
1.0003
1.0004
1.0004
1.0005
1.0005
1.0005
1.0004
1.0004
1.0004
1.0004
1.0005
1.0005
1.0005
1.0005
1.0004
1.0004
1.0004
1.0004
1.0004
1.0004
1.0004
1.0004
1.0004
1.0004
1.0004
1.0004
1.0004
1.0004
1.0004
1.0005
1.0005
1.0005
1.0005
1.0005
1.0005
1.0005
1.0005
1.0005
1.0005
1.0005
1.0004
1.0004
1.0005
1.0005
1.0005
1.0005
1.0005
1.0004
1.0004
1.0003
1.0003
1.0003
1.0003
1.0004
1.0005
1.0006
1.0006
1.0006
1.0006
1.0005
1.0004
1.0003
1.0003
1.0003
1.0004
1.0004
1.0005
1.0005
1.0005
1.0005
1.0004
1.0004
1.0004
1.0004
1.0004
1.0004
1.0003
1.0003
1.0003
1.0003
1.0004
1.0003
1.0003
1.0003
1.0003
1.0002
1.0003
1.0003
1.0003
1.0004
1.0004
1.0004
1.0004
1.0004
1.0003
1.0003
1.0003
1.0003
1.0004
1.0003
1.0004
1.0004
1.0005
1.0005
1.0005
1.0005
1.0005
1.0005
1.0005
1.0005
1.0005
1.0004
1.0004
1.0003
1.0003
1.0002
1.0002
1.0002
1.0003
1.0004
1.0005
1.0006
1.0007
1.0006
1.0006
1.0005
1.0003
1.0002
1.0002
1.0002
1.0002
1.0002
1.0002
1.0003
1.0004
1.0004
1.0005
1.0006
1.0006
1.0005
1.0005
1.0005
1.0005
1.0005
1.0004
1.0004
1.0004
1.0003
1.0002
1.0002
1.0002
1.0003
1.0003
1.0004
1.0004
1.0004
1.0004
1.0003
1.0003
1.0004
1.0004
1.0003
1.0003
1.0003
1.0004
1.0004
1.0005
1.0005
1.0005
1.0005
1.0004
1.0003
1.0003
1.0003
1.0002
1.0002
1.0002
1.0002
1.0002
1.0003
1.0003
1.0004
1.0004
1.0003
1.0003
1.0003
1.0003
1.0003
1.0003
1.0003
1.0003
1.0003
1.0002
1.0002
1.0002
1.0002
1.0002
1.0003
1.0003
1.0004
1.0003
1.0003
1.0003
1.0003
1.0003
1.0003
1.0003
1.0003
1.0003
1.0003
1.0003
1.0003
1.0003
1.0003
1.0003
1.0003
1.0004
1.0004
1.0004
1.0004
1.0003
1.0003
1.0002
1.0002
1.0003
1.0003
1.0004
1.0004
1.0004
1.0004
1.0003
1.0003
1.0003
1.0003
1.0003
1.0004
1.0004
1.0004
1.0004
1.0004
1.0004
1.0004
1.0005
1.0005
1.0006
1.0005
1.0005
1.0004
1.0004
1.0003
1.0004
1.0004
1.0004
1.0003
1.0004
1.0004
1.0004
1.0004
1.0004
1.0004
1.0005
1.0005
1.0004
1.0005
1.0005
1.0004
1.0004
1.0004
1.0004
1.0004
1.0004
1.0005
1.0005
1.0005
1.0005
1.0005
1.0006
1.0005
1.0005
1.0005
1.0005
1.0005
1.0005
1.0005
1.0005
1.0005
1.0005
1.0005
1.0006
1.0006
1.0006
1.0006
1.0006
1.0006
1.0005
1.0005
1.0005
1.0004
1.0004
1.0004
1.0004
1.0004
1.0004
1.0004
1.0005
1.0005
1.0005
1.0005
1.0005
1.0005
1.0006
1.0006
1.0006
1.0006
1.0006
1.0006
1.0006
1.0006
1.0006
1.0006
1.0006
1.0006
1.0006
1.0006
1.0006
1.0006
1.0006
1.0006
1.0006
1.0006
1.0006
1.0006
1.0005
1.0005
1.0005
1.0005
1.0006
1.0006
1.0007
1.0008
1.0008
1.0007
1.0007
1.0007
1.0007
1.0007
1.0007
1.0007
1.0007
1.0007
1.0006
1.0007
1.0007
1.0007
1.0006
1.0007
1.0006
1.0007
1.0007
1.0007
1.0008
1.0008
1.0008
1.0009
1.0009
1.0009
1.0009
1.0009
1.0008
1.0008
1.0008
1.0008
1.0008
1.0008
1.0008
1.0008
1.0007
1.0007
1.0007
1.0007
1.0006
1.0007
1.0007
1.0007
1.0008
1.0009
1.0009
1.0009
1.0009
1.0008
1.0008
1.0009
1.0008
1.0009
1.0009
1.0009
1.0008
1.0008
1.0008
1.0008
1.0008
1.0008
1.0009
1.0010
1.0009
1.0009
1.0010
1.0010
1.0010
1.0010
1.0009
1.0009
1.0009
1.0008
1.0008
1.0008
1.0008
1.0008
1.0010
1.0010
1.0010
1.0011
1.0011
1.0010
1.0010
1.0010
1.0010
1.0010
1.0010
1.0010
1.0010
1.0010
1.0010
1.0010
1.0010
1.0010
1.0009
1.0009
1.0009
1.0010
1.0009
1.0009
1.0009
1.0010
1.0009
1.0008
1.0009
1.0009
1.0009
1.0010
1.0011
1.0011
1.0012
1.0012
1.0012
1.0011
1.0010
1.0010
1.0010
1.0010
1.0011
1.0011
1.0011
1.0011
1.0011
1.0011
1.0010
1.0010
1.0010
1.0010
1.0009
1.0010
1.0010
1.0010
1.0010
1.0011
1.0010
1.0010
1.0009
1.0010
1.0009
1.0009
1.0009
1.0009
1.0008
1.0009
1.0008
1.0008
1.0009
1.0009
1.0009
1.0010
1.0010
1.0010
1.0011
1.0011
1.0010
1.0011
1.0011
1.0010
1.0010
1.0010
1.0010
1.0011
1.0011
1.0012
1.0012
1.0011
1.0011
1.0011
1.0011
1.0011
1.0011
1.0011
1.0012
1.0012
1.0012
1.0012
1.0012
1.0011
1.0011
1.0011
1.0011
1.0011
1.0011
1.0011
1.0012
1.0012
1.0012
1.0012
1.0012
1.0011
1.0012
1.0012
1.0012
1.0012
1.0011
1.0011
1.0010
1.0010
1.0010
1.0011
1.0012
1.0012
1.0012
1.0011
1.0011
1.0011
1.0010
1.0011
1.0011
1.0010
1.0011
1.0012
1.0012
1.0011
1.0011
1.0010
1.0010
1.0010
1.0011
1.0011
1.0011
1.0010
1.0011
1.0012
1.0012
1.0013
1.0014
1.0013
1.0013
1.0013
1.0013
1.0012
1.0011
1.0012
1.0012
1.0011
1.0012
1.0012
1.0012
1.0012
1.0012
1.0011
1.0012
1.0012
1.0012
1.0012
1.0013
1.0012
1.0012
1.0012
1.0012
1.0012
1.0011
1.0011
1.0011
1.0013
1.0013
1.0013
1.0013
1.0012
1.0010
1.0009
1.0010
1.0010
1.0010
1.0010
1.0012
1.0012
1.0012
1.0012
1.0012
1.0012
1.0011
1.0012
1.0012
1.0012
1.0011
1.0013
1.0013
1.0013
1.0013
1.0014
1.0013
1.0013
1.0014
1.0013
1.0013
1.0012
1.0012
1.0011
1.0012
1.0012
1.0012
1.0013
1.0012
1.0012
1.0012
1.0012
1.0011
1.0010
1.0010
1.0010
1.0010
1.0011
1.0012
1.0010
1.0010
1.0011
1.0011
1.0012
1.0014
1.0014
1.0014
1.0013
1.0012
1.0012
1.0012
1.0012
1.0013
1.0014
1.0013
1.0014
1.0014
1.0013
1.0013
1.0013
1.0014
1.0015
1.0016
1.0016
1.0015
1.0014
1.0013
1.0012
1.0012
1.0013
1.0013
1.0013
1.0013
1.0013
1.0014
1.0013
1.0015
1.0016
1.0015
1.0015
1.0015
1.0014
1.0014
1.0014
1.0014
1.0015
1.0015
1.0016
1.0016
1.0015
1.0015
1.0014
1.0013
1.0013
1.0013
1.0014
1.0014
1.0015
1.0013
1.0014
1.0014
1.0014
1.0014
1.0014
1.0014
1.0013
1.0014
1.0013
1.0013
1.0014
1.0015
1.0015
1.0017
1.0017
1.0016
1.0016
1.0016
1.0014
1.0015
1.0014
1.0015
1.0014
1.0015
1.0014
1.0015
1.0014
1.0015
1.0014
1.0015
1.0013
1.0014
1.0014
1.0015
1.0015
1.0017
1.0016
1.0016
1.0016
1.0015
1.0015
1.0015
1.0016
1.0016
1.0015
1.0016
1.0016
1.0015
1.0017
1.0018
1.0017
1.0017
1.0017
1.0016
1.0016
1.0016
1.0016
1.0016
1.0016
1.0016
1.0016
1.0016
1.0016
1.0015
1.0015
1.0015
1.0015
1.0016
1.0015
1.0015
1.0015
1.0014
1.0013
1.0013
1.0014
1.0015
1.0016
1.0017
1.0018
1.0019
1.0018
1.0018
1.0018
1.0017
1.0015
1.0014
1.0014
1.0014
1.0015
1.0017
1.0017
1.0018
1.0018
1.0018
1.0017
1.0017
1.0017
1.0016
1.0016
1.0016
1.0016
1.0016
1.0017
1.0018
1.0017
1.0017
1.0018
1.0017
1.0017
1.0017
1.0017
1.0017
1.0017
1.0017
1.0018
1.0018
1.0017
1.0017
1.0017
1.0017
1.0016
1.0018
1.0019
1.0019
1.0020
1.0020
1.0019
1.0018
1.0019
1.0018
1.0018
1.0019
1.0019
1.0018
1.0019
1.0019
1.0019
1.0019
1.0019
1.0018
1.0020
1.0020
1.0020
1.0022
1.0021
1.0021
1.0020
1.0019
1.0019
1.0020
1.0019
1.0019
1.0019
1.0018
1.0018
1.0019
1.0020
1.0023
1.0024
1.0024
1.0026
1.0024
1.0021
1.0020
1.0019
1.0018
1.0019
1.0020
1.0020
1.0021
1.0022
1.0020
1.0019
1.0017
1.0014
1.0013
1.0014
1.0017
1.0019
1.0021
1.0023
1.0022
1.0021
1.0022
1.0022
1.0022
1.0023
1.0023
1.0022
1.0022
1.0022
1.0022
1.0023
1.0023
1.0022
1.0023
1.0022
1.0022
1.0023
1.0022
1.0022
1.0022
1.0021
1.0020
1.0020
1.0019
1.0020
1.0021
1.0021
1.0022
1.0023
1.0021
1.0021
1.0021
1.0025
1.0026
1.0026
1.0027
1.0027
1.0023
1.0022
1.0022
1.0022
1.0023
1.0023
1.0024
1.0025
1.0025
1.0025
1.0025
1.0025
1.0024
1.0025
1.0023
1.0021
1.0021
1.0022
1.0021
1.0024
1.0025
1.0025
1.0025
1.0025
1.0024
1.0024
1.0024
1.0025
1.0025
1.0026
1.0027
1.0026
1.0024
1.0023
1.0023
1.0022
1.0022
1.0024
1.0024
1.0024
1.0025
1.0024
1.0024
1.0026
1.0024
1.0024
1.0025
1.0025
1.0024
1.0026
1.0025
1.0025
1.0023
1.0023
1.0022
1.0022
1.0022
1.0022
1.0022
1.0021
1.0019
1.0020
1.0021
1.0022
1.0021
1.0022
1.0022
1.0023
1.0023
1.0024
1.0023
1.0025
1.0024
1.0025
1.0024
1.0024
1.0023
1.0022
1.0021
1.0022
1.0023
1.0021
1.0021
1.0019
1.0017
1.0015
1.0015
1.0015
1.0016
1.0016
1.0018
1.0018
1.0022
1.0022
1.0021
1.0026
1.0039
1.0040
1.0055
1.0124
1.0462
1.0220
1.0262
