1.0122
1.0367
1.0185
0.8880
0.2750
-4.2111
2.5687
2.3877
2.3820
2.5412
2.7367
2.9026
3.0524
2.8607
2.6671
2.8904
2.7502
2.8104
3.2193
3.3586
2.5827
2.3883
2.3426
2.2942
2.1881
2.4586
2.4515
2.3395
2.3261
2.6814
2.5154
3.0290
3.1529
3.4511
2.3062
2.2931
2.0979
2.0518
1.9250
2.0525
2.0587
2.1805
2.1783
2.2167
2.4054
2.4531
2.1317
2.1730
2.1114
1.9292
1.9425
1.9847
1.9065
1.8726
2.0015
1.8954
1.9137
1.9362
1.9303
1.9071
1.9718
1.9811
2.0926
2.1310
2.0943
2.0995
2.0994
2.0929
2.1512
2.1581
2.0498
1.9585
1.9197
1.8547
1.8254
1.8839
1.9505
1.8625
1.9140
1.8302
1.8149
1.7701
1.8231
1.8263
1.8393
1.8270
1.8302
1.8075
1.7685
1.8682
1.8439
1.8278
1.8058
1.8367
1.7965
1.8131
1.8467
1.8270
1.8310
1.8210
1.7915
1.7676
1.8169
1.7460
1.7388
1.7701
1.7976
1.7539
1.8090
1.7610
1.7299
1.7144
1.7008
1.6952
1.7078
1.6657
1.6739
1.6825
1.6568
1.6608
1.6543
1.6093
1.6056
1.6028
1.6126
1.6266
1.6441
1.6156
1.6152
1.5836
1.5859
1.5804
1.6011
1.6283
1.6656
1.6725
1.6729
1.6828
1.6448
1.6375
1.6345
1.6321
1.6227
1.6463
1.6417
1.6301
1.6300
1.6646
1.6344
1.6388
1.6259
1.6391
1.6199
1.6359
1.6518
1.7126
1.7207
1.7050
1.7649
1.7656
1.7152
1.7396
1.7994
1.7863
1.7875
1.8497
1.8723
1.8480
1.7215
1.7467
1.7338
1.7315
1.7507
1.9116
1.8079
1.8644
1.8484
1.7904
1.7760
1.8185
1.7611
1.7595
1.7993
1.7684
1.7853
1.8471
1.8697
1.8480
1.9209
1.8963
1.8947
1.8855
1.8849
1.8649
1.8627
1.8101
1.8368
1.8087
1.7680
1.7906
1.8174
1.7740
1.7577
1.7496
1.7607
1.7892
1.7793
1.7788
1.8356
1.7442
1.7098
1.6835
1.6864
1.6424
1.6270
1.5974
1.6107
1.6101
1.5896
1.5611
1.5604
1.5141
1.4743
1.4323
1.4144
1.3806
1.3734
1.3696
1.3853
1.3889
1.3946
1.3734
1.3481
1.3086
1.2749
1.2419
1.2131
1.1869
1.1686
1.1457
1.1272
1.1093
1.0954
1.0838
1.0903
1.0993
1.1216
1.1425
1.1511
1.1331
1.1079
1.0762
1.0547
1.0357
1.0229
1.0123
1.0050
0.9919
0.9830
0.9767
0.9715
0.9642
0.9625
0.9632
0.9701
0.9808
0.9969
1.0095
1.0223
1.0195
1.0095
0.9960
0.9886
0.9776
0.9710
0.9658
0.9622
0.9586
0.9569
0.9560
0.9548
0.9545
0.9533
0.9528
0.9540
0.9544
0.9552
0.9595
0.9660
0.9706
0.9764
0.9792
0.9774
0.9728
0.9699
0.9688
0.9679
0.9682
0.9677
0.9672
0.9668
0.9666
0.9655
0.9665
0.9669
0.9662
0.9662
0.9671
0.9663
0.9659
0.9667
0.9681
0.9701
0.9736
0.9769
0.9793
0.9808
0.9805
0.9783
0.9769
0.9778
0.9776
0.9779
0.9784
0.9782
0.9779
0.9789
0.9786
0.9788
0.9802
0.9802
0.9797
0.9810
0.9819
0.9817
0.9821
0.9835
0.9841
0.9837
0.9840
0.9849
0.9866
0.9888
0.9907
0.9925
0.9933
0.9918
0.9891
0.9882
0.9884
0.9880
0.9884
0.9887
0.9882
0.9886
0.9890
0.9883
0.9891
0.9901
0.9892
0.9892
0.9901
0.9896
0.9889
0.9896
0.9904
0.9902
0.9903
0.9910
0.9915
0.9916
0.9919
0.9930
0.9950
0.9964
0.9970
0.9974
0.9969
0.9951
0.9936
0.9936
0.9935
0.9937
0.9937
0.9935
0.9933
0.9936
0.9930
0.9928
0.9935
0.9931
0.9928
0.9934
0.9936
0.9931
0.9933
0.9936
0.9937
0.9935
0.9939
0.9945
0.9949
0.9949
0.9952
0.9954
0.9955
0.9959
0.9971
0.9984
0.9991
0.9995
0.9995
0.9987
0.9975
0.9971
0.9968
0.9965
0.9967
0.9966
0.9965
0.9968
0.9970
0.9967
0.9971
0.9972
0.9969
0.9971
0.9975
0.9973
0.9974
0.9976
0.9978
0.9975
0.9976
0.9977
0.9976
0.9975
0.9976
0.9977
0.9977
0.9977
0.9976
0.9976
0.9976
0.9979
0.9983
0.9984
0.9983
0.9980
0.9974
0.9968
0.9965
0.9964
0.9963
0.9963
0.9961
0.9959
0.9959
0.9958
0.9956
0.9959
0.9962
0.9964
0.9969
0.9973
0.9974
0.9974
0.9976
0.9977
0.9978
0.9980
0.9985
0.9989
0.9991
0.9992
0.9995
0.9995
0.9994
0.9993
0.9995
0.9994
0.9994
0.9996
0.9997
0.9999
1.0001
1.0003
1.0002
1.0002
1.0001
1.0000
0.9999
0.9999
0.9998
0.9999
0.9999
0.9999
0.9999
0.9999
0.9998
0.9996
0.9994
0.9993
0.9993
0.9993
0.9993
0.9994
0.9995
0.9995
0.9995
0.9996
0.9996
0.9996
0.9995
0.9995
0.9994
0.9994
0.9994
0.9994
0.9994
0.9994
0.9995
0.9995
0.9994
0.9995
0.9994
0.9992
0.9991
0.9991
0.9988
0.9987
0.9986
0.9985
0.9986
0.9988
0.9988
0.9989
0.9991
0.9991
0.9992
0.9994
0.9995
0.9996
0.9998
1.0000
1.0001
1.0002
1.0004
1.0005
1.0006
1.0007
1.0008
1.0008
1.0007
1.0009
1.0010
1.0010
1.0011
1.0013
1.0013
1.0013
1.0013
1.0013
1.0013
1.0013
1.0013
1.0014
1.0013
1.0013
1.0012
1.0012
1.0012
1.0012
1.0013
1.0013
1.0012
1.0011
1.0012
1.0011
1.0011
1.0012
1.0012
1.0012
1.0013
1.0013
1.0013
1.0013
1.0014
1.0014
1.0015
1.0016
1.0018
1.0018
1.0018
1.0017
1.0017
1.0016
1.0016
1.0016
1.0016
1.0016
1.0016
1.0017
1.0017
1.0019
1.0020
1.0020
1.0019
1.0019
1.0018
1.0018
1.0018
1.0019
1.0020
1.0019
1.0019
1.0019
1.0020
1.0020
1.0020
1.0020
1.0021
1.0020
1.0020
1.0020
1.0020
1.0019
1.0019
1.0019
1.0019
1.0019
1.0019
1.0020
1.0019
1.0019
1.0019
1.0018
1.0017
1.0017
1.0017
1.0017
1.0017
1.0017
1.0016
1.0015
1.0015
1.0014
1.0014
1.0015
1.0016
1.0016
1.0016
1.0016
1.0016
1.0015
1.0016
1.0017
1.0017
1.0018
1.0018
1.0019
1.0018
1.0017
1.0018
1.0019
1.0018
1.0019
1.0019
1.0020
1.0020
1.0020
1.0020
1.0020
1.0019
1.0018
1.0018
1.0018
1.0018
1.0018
1.0019
1.0020
1.0020
1.0021
1.0021
1.0020
1.0020
1.0019
1.0019
1.0019
1.0019
1.0019
1.0018
1.0018
1.0018
1.0018
1.0019
1.0019
1.0019
1.0020
1.0019
1.0019
1.0018
1.0018
1.0016
1.0016
1.0016
1.0015
1.0014
1.0014
1.0013
1.0012
1.0012
1.0011
1.0010
1.0010
1.0010
1.0009
1.0009
1.0010
1.0011
1.0010
1.0011
1.0011
1.0010
1.0011
1.0011
1.0011
1.0012
1.0012
1.0012
1.0012
1.0012
1.0012
1.0013
1.0013
1.0014
1.0014
1.0015
1.0015
1.0015
1.0014
1.0014
1.0014
1.0013
1.0013
1.0014
1.0013
1.0013
1.0013
1.0013
1.0012
1.0013
1.0013
1.0012
1.0012
1.0012
1.0012
1.0012
1.0012
1.0012
1.0011
1.0011
1.0011
1.0011
1.0011
1.0012
1.0012
1.0012
1.0012
1.0012
1.0012
1.0012
1.0011
1.0011
1.0010
1.0010
1.0010
1.0010
1.0010
1.0010
1.0009
1.0009
1.0007
1.0006
1.0005
1.0006
1.0006
1.0006
1.0007
1.0007
1.0007
1.0007
1.0007
1.0007
1.0008
1.0007
1.0007
1.0008
1.0008
1.0008
1.0008
1.0009
1.0009
1.0009
1.0008
1.0008
1.0008
1.0008
1.0008
1.0008
1.0008
1.0007
1.0007
1.0007
1.0007
1.0008
1.0008
1.0009
1.0009
1.0009
1.0009
1.0009
1.0009
1.0008
1.0008
1.0008
1.0008
1.0008
1.0009
1.0009
1.0009
1.0009
1.0009
1.0008
1.0007
1.0007
1.0007
1.0006
1.0006
1.0007
1.0007
1.0007
1.0007
1.0006
1.0006
1.0006
1.0006
1.0007
1.0008
1.0008
1.0009
1.0009
1.0009
1.0008
1.0008
1.0007
1.0007
1.0006
1.0006
1.0006
1.0005
1.0004
1.0004
1.0003
1.0003
1.0003
1.0004
1.0004
1.0004
1.0004
1.0005
1.0005
1.0005
1.0004
1.0004
1.0004
1.0003
1.0003
1.0003
1.0004
1.0004
1.0004
1.0005
1.0005
1.0005
1.0005
1.0005
1.0006
1.0005
1.0005
1.0004
1.0004
1.0004
1.0003
1.0004
1.0004
1.0004
1.0004
1.0004
1.0003
1.0003
1.0002
1.0002
1.0001
1.0000
0.9999
0.9999
0.9999
0.9999
1.0000
1.0002
1.0002
1.0002
1.0003
1.0003
1.0003
1.0003
1.0002
1.0003
1.0002
1.0002
1.0003
1.0002
1.0002
1.0003
1.0002
1.0002
1.0003
1.0002
1.0002
1.0003
1.0004
1.0003
1.0004
1.0003
1.0002
1.0002
1.0003
1.0003
1.0002
1.0002
1.0002
1.0002
1.0002
1.0003
1.0003
1.0003
1.0003
1.0003
1.0003
1.0003
1.0004
1.0003
1.0003
1.0003
1.0002
1.0002
1.0002
1.0002
1.0003
1.0003
1.0004
1.0005
1.0005
1.0005
1.0005
1.0004
1.0004
1.0003
1.0003
1.0002
1.0002
1.0003
1.0003
1.0003
1.0004
1.0004
1.0004
1.0004
1.0004
1.0004
1.0004
1.0003
1.0003
1.0003
1.0003
1.0004
1.0004
1.0005
1.0005
1.0005
1.0005
1.0005
1.0005
1.0005
1.0005
1.0005
1.0004
1.0004
1.0005
1.0004
1.0004
1.0004
1.0004
1.0003
1.0003
1.0003
1.0004
1.0004
1.0003
1.0003
1.0004
1.0004
1.0004
1.0004
1.0005
1.0005
1.0005
1.0004
1.0004
1.0004
1.0004
1.0004
1.0004
1.0003
1.0002
1.0002
1.0002
1.0002
1.0003
1.0003
1.0003
1.0003
1.0003
1.0003
1.0004
1.0004
1.0003
1.0003
1.0003
1.0004
1.0004
1.0005
1.0005
1.0005
1.0004
1.0004
1.0004
1.0004
1.0005
1.0005
1.0005
1.0005
1.0004
1.0004
1.0004
1.0004
1.0004
1.0004
1.0004
1.0004
1.0004
1.0004
1.0004
1.0004
1.0004
1.0004
1.0004
1.0005
1.0005
1.0005
1.0005
1.0006
1.0005
1.0005
1.0005
1.0005
1.0005
1.0005
1.0004
1.0004
1.0004
1.0005
1.0005
1.0005
1.0005
1.0004
1.0004
1.0003
1.0003
1.0003
1.0003
1.0004
1.0005
1.0006
1.0006
1.0006
1.0006
1.0004
1.0004
1.0003
1.0003
1.0003
1.0004
1.0004
1.0005
1.0005
1.0005
1.0005
1.0004
1.0004
1.0004
1.0004
1.0003
1.0004
1.0003
1.0003
1.0003
1.0003
1.0003
1.0003
1.0003
1.0003
1.0003
1.0002
1.0003
1.0003
1.0003
1.0004
1.0004
1.0004
1.0004
1.0003
1.0003
1.0003
1.0003
1.0003
1.0004
1.0003
1.0004
1.0004
1.0005
1.0005
1.0005
1.0005
1.0005
1.0005
1.0005
1.0005
1.0005
1.0004
1.0004
1.0003
1.0002
1.0002
1.0002
1.0002
1.0003
1.0004
1.0005
1.0006
1.0007
1.0006
1.0006
1.0005
1.0003
1.0002
1.0002
1.0001
1.0002
1.0002
1.0002
1.0003
1.0004
1.0004
1.0005
1.0006
1.0006
1.0005
1.0005
1.0005
1.0005
1.0005
1.0004
1.0004
1.0004
1.0003
1.0002
1.0002
1.0002
1.0003
1.0003
1.0004
1.0004
1.0004
1.0004
1.0003
1.0004
1.0004
1.0003
1.0003
1.0003
1.0003
1.0004
1.0004
1.0005
1.0005
1.0005
1.0005
1.0004
1.0003
1.0003
1.0003
1.0002
1.0002
1.0002
1.0002
1.0002
1.0002
1.0003
1.0004
1.0004
1.0003
1.0003
1.0003
1.0003
1.0003
1.0003
1.0003
1.0003
1.0003
1.0002
1.0002
1.0002
1.0002
1.0002
1.0003
1.0003
1.0003
1.0003
1.0003
1.0003
1.0003
1.0003
1.0003
1.0003
1.0003
1.0003
1.0003
1.0003
1.0003
1.0003
1.0002
1.0003
1.0003
1.0004
1.0004
1.0004
1.0004
1.0003
1.0003
1.0002
1.0002
1.0003
1.0003
1.0004
1.0004
1.0004
1.0004
1.0003
1.0003
1.0003
1.0003
1.0003
1.0004
1.0004
1.0004
1.0004
1.0004
1.0004
1.0004
1.0004
1.0005
1.0005
1.0005
1.0005
1.0004
1.0004
1.0003
1.0003
1.0003
1.0004
1.0003
1.0004
1.0003
1.0003
1.0004
1.0004
1.0004
1.0005
1.0005
1.0004
1.0004
1.0004
1.0004
1.0004
1.0004
1.0004
1.0004
1.0004
1.0005
1.0005
1.0005
1.0005
1.0005
1.0006
1.0005
1.0005
1.0005
1.0005
1.0005
1.0005
1.0005
1.0005
1.0005
1.0005
1.0005
1.0006
1.0006
1.0006
1.0006
1.0006
1.0006
1.0005
1.0005
1.0005
1.0004
1.0004
1.0004
1.0004
1.0004
1.0004
1.0004
1.0004
1.0005
1.0005
1.0005
1.0005
1.0005
1.0006
1.0006
1.0006
1.0006
1.0006
1.0006
1.0006
1.0006
1.0006
1.0006
1.0006
1.0006
1.0006
1.0006
1.0006
1.0006
1.0006
1.0006
1.0006
1.0006
1.0006
1.0006
1.0005
1.0005
1.0005
1.0005
1.0005
1.0006
1.0007
1.0007
1.0007
1.0007
1.0007
1.0007
1.0007
1.0007
1.0007
1.0007
1.0007
1.0006
1.0006
1.0007
1.0007
1.0006
1.0006
1.0007
1.0006
1.0007
1.0007
1.0007
1.0007
1.0007
1.0007
1.0008
1.0009
1.0009
1.0009
1.0008
1.0007
1.0007
1.0007
1.0008
1.0008
1.0007
1.0008
1.0008
1.0007
1.0007
1.0007
1.0006
1.0006
1.0007
1.0007
1.0007
1.0008
1.0009
1.0008
1.0008
1.0008
1.0008
1.0008
1.0008
1.0008
1.0008
1.0008
1.0008
1.0008
1.0008
1.0007
1.0008
1.0008
1.0008
1.0009
1.0009
1.0009
1.0009
1.0010
1.0010
1.0009
1.0010
1.0009
1.0009
1.0009
1.0008
1.0008
1.0008
1.0008
1.0008
1.0009
1.0010
1.0010
1.0011
1.0010
1.0010
1.0010
1.0010
1.0010
1.0009
1.0010
1.0009
1.0010
1.0010
1.0010
1.0010
1.0010
1.0010
1.0009
1.0009
1.0009
1.0010
1.0009
1.0009
1.0009
1.0009
1.0009
1.0008
1.0009
1.0009
1.0009
1.0010
1.0011
1.0011
1.0012
1.0012
1.0012
1.0011
1.0010
1.0010
1.0010
1.0010
1.0010
1.0011
1.0010
1.0010
1.0011
1.0011
1.0010
1.0010
1.0010
1.0010
1.0009
1.0010
1.0010
1.0010
1.0010
1.0010
1.0010
1.0010
1.0009
1.0009
1.0009
1.0009
1.0009
1.0009
1.0008
1.0008
1.0008
1.0008
1.0009
1.0009
1.0009
1.0010
1.0010
1.0010
1.0010
1.0010
1.0010
1.0011
1.0011
1.0010
1.0010
1.0009
1.0010
1.0010
1.0011
1.0011
1.0012
1.0011
1.0011
1.0010
1.0011
1.0011
1.0011
1.0011
1.0012
1.0012
1.0012
1.0012
1.0012
1.0011
1.0011
1.0011
1.0011
1.0011
1.0011
1.0011
1.0012
1.0012
1.0012
1.0012
1.0012
1.0011
1.0012
1.0012
1.0012
1.0011
1.0011
1.0010
1.0010
1.0010
1.0010
1.0011
1.0011
1.0012
1.0012
1.0011
1.0011
1.0011
1.0010
1.0010
1.0011
1.0010
1.0011
1.0012
1.0012
1.0012
1.0011
1.0010
1.0010
1.0010
1.0010
1.0011
1.0011
1.0010
1.0011
1.0011
1.0011
1.0013
1.0013
1.0013
1.0013
1.0013
1.0013
1.0011
1.0011
1.0011
1.0011
1.0011
1.0012
1.0012
1.0012
1.0012
1.0012
1.0011
1.0012
1.0012
1.0012
1.0012
1.0013
1.0012
1.0012
1.0011
1.0011
1.0011
1.0011
1.0011
1.0011
1.0013
1.0012
1.0013
1.0013
1.0012
1.0010
1.0009
1.0009
1.0010
1.0010
1.0010
1.0012
1.0012
1.0012
1.0012
1.0012
1.0012
1.0011
1.0012
1.0011
1.0011
1.0010
1.0012
1.0013
1.0013
1.0013
1.0014
1.0013
1.0013
1.0014
1.0013
1.0012
1.0012
1.0012
1.0011
1.0011
1.0011
1.0012
1.0012
1.0012
1.0012
1.0011
1.0012
1.0010
1.0010
1.0010
1.0010
1.0010
1.0011
1.0012
1.0010
1.0011
1.0011
1.0011
1.0012
1.0014
1.0014
1.0013
1.0013
1.0012
1.0012
1.0012
1.0012
1.0013
1.0014
1.0013
1.0014
1.0014
1.0012
1.0012
1.0013
1.0013
1.0015
1.0015
1.0016
1.0015
1.0014
1.0013
1.0012
1.0012
1.0013
1.0013
1.0013
1.0013
1.0013
1.0014
1.0013
1.0015
1.0016
1.0015
1.0015
1.0015
1.0013
1.0014
1.0014
1.0014
1.0015
1.0014
1.0015
1.0016
1.0015
1.0015
1.0014
1.0013
1.0013
1.0013
1.0014
1.0013
1.0014
1.0013
1.0014
1.0014
1.0014
1.0014
1.0015
1.0014
1.0014
1.0014
1.0013
1.0013
1.0014
1.0015
1.0015
1.0017
1.0016
1.0016
1.0016
1.0016
1.0014
1.0014
1.0014
1.0014
1.0014
1.0015
1.0014
1.0015
1.0014
1.0015
1.0014
1.0015
1.0013
1.0014
1.0014
1.0014
1.0015
1.0017
1.0016
1.0016
1.0016
1.0015
1.0014
1.0015
1.0016
1.0015
1.0015
1.0016
1.0016
1.0015
1.0016
1.0018
1.0017
1.0017
1.0017
1.0016
1.0016
1.0016
1.0016
1.0016
1.0016
1.0017
1.0016
1.0016
1.0015
1.0015
1.0015
1.0014
1.0015
1.0016
1.0015
1.0015
1.0015
1.0014
1.0013
1.0013
1.0014
1.0015
1.0016
1.0017
1.0018
1.0018
1.0018
1.0018
1.0018
1.0017
1.0015
1.0014
1.0014
1.0014
1.0015
1.0017
1.0017
1.0018
1.0018
1.0018
1.0017
1.0017
1.0017
1.0016
1.0016
1.0016
1.0016
1.0016
1.0016
1.0017
1.0017
1.0017
1.0018
1.0017
1.0017
1.0017
1.0017
1.0016
1.0017
1.0017
1.0017
1.0017
1.0016
1.0017
1.0017
1.0017
1.0016
1.0018
1.0019
1.0019
1.0019
1.0020
1.0019
1.0018
1.0019
1.0018
1.0018
1.0019
1.0018
1.0018
1.0019
1.0018
1.0019
1.0019
1.0019
1.0018
1.0020
1.0021
1.0020
1.0022
1.0021
1.0021
1.0019
1.0019
1.0019
1.0020
1.0018
1.0018
1.0019
1.0018
1.0018
1.0019
1.0020
1.0022
1.0024
1.0024
1.0026
1.0024
1.0021
1.0020
1.0020
1.0018
1.0019
1.0020
1.0020
1.0020
1.0021
1.0020
1.0019
1.0017
1.0013
1.0012
1.0014
1.0016
1.0018
1.0021
1.0022
1.0022
1.0021
1.0022
1.0022
1.0021
1.0023
1.0023
1.0022
1.0022
1.0022
1.0022
1.0022
1.0023
1.0022
1.0023
1.0022
1.0022
1.0023
1.0022
1.0022
1.0022
1.0021
1.0020
1.0020
1.0019
1.0020
1.0021
1.0021
1.0022
1.0023
1.0021
1.0020
1.0021
1.0025
1.0026
1.0026
1.0027
1.0027
1.0023
1.0022
1.0022
1.0022
1.0023
1.0023
1.0024
1.0025
1.0025
1.0024
1.0025
1.0024
1.0024
1.0025
1.0023
1.0021
1.0021
1.0021
1.0021
1.0023
1.0024
1.0025
1.0024
1.0025
1.0024
1.0024
1.0023
1.0024
1.0024
1.0026
1.0027
1.0026
1.0024
1.0023
1.0023
1.0022
1.0022
1.0024
1.0024
1.0024
1.0025
1.0024
1.0024
1.0025
1.0024
1.0024
1.0024
1.0025
1.0024
1.0026
1.0025
1.0025
1.0023
1.0022
1.0022
1.0022
1.0022
1.0022
1.0021
1.0020
1.0019
1.0020
1.0021
1.0022
1.0021
1.0022
1.0022
1.0023
1.0023
1.0023
1.0023
1.0025
1.0024
1.0024
1.0024
1.0024
1.0023
1.0023
1.0022
1.0023
1.0023
1.0021
1.0021
1.0019
1.0017
1.0015
1.0014
1.0015
1.0015
1.0016
1.0017
1.0018
1.0021
1.0022
1.0021
1.0026
1.0039
1.0040
1.0055
1.0123
1.0460
1.0222
1.0262
