1.0122
1.0366
1.0185
0.8879
0.2749
-4.2144
2.5690
2.3875
2.3815
2.5413
2.7360
2.9014
3.0517
2.8599
2.6669
2.8905
2.7504
2.8102
3.2192
3.3562
2.5800
2.3864
2.3405
2.2917
2.1862
2.4574
2.4500
2.3385
2.3258
2.6812
2.5151
3.0294
3.1522
3.4496
2.3053
2.2920
2.0968
2.0512
1.9247
2.0521
2.0585
2.1804
2.1783
2.2165
2.4051
2.4526
2.1309
2.1720
2.1105
1.9286
1.9418
1.9843
1.9059
1.8720
2.0007
1.8946
1.9127
1.9351
1.9296
1.9062
1.9707
1.9804
2.0920
2.1302
2.0941
2.0992
2.0987
2.0923
2.1512
2.1575
2.0496
1.9585
1.9193
1.8538
1.8245
1.8825
1.9488
1.8616
1.9133
1.8294
1.8147
1.7699
1.8223
1.8257
1.8389
1.8265
1.8297
1.8075
1.7681
1.8680
1.8434
1.8277
1.8054
1.8363
1.7960
1.8128
1.8462
1.8267
1.8306
1.8206
1.7909
1.7669
1.8161
1.7455
1.7382
1.7696
1.7971
1.7532
1.8083
1.7607
1.7294
1.7142
1.7009
1.6952
1.7076
1.6657
1.6740
1.6824
1.6567
1.6607
1.6538
1.6088
1.6048
1.6022
1.6122
1.6264
1.6437
1.6158
1.6151
1.5833
1.5853
1.5796
1.6002
1.6277
1.6650
1.6718
1.6727
1.6828
1.6444
1.6370
1.6342
1.6315
1.6219
1.6454
1.6408
1.6295
1.6294
1.6640
1.6343
1.6388
1.6256
1.6388
1.6194
1.6352
1.6511
1.7122
1.7202
1.7044
1.7642
1.7649
1.7143
1.7387
1.7986
1.7857
1.7869
1.8494
1.8722
1.8482
1.7216
1.7470
1.7343
1.7320
1.7508
1.9113
1.8074
1.8635
1.8476
1.7899
1.7759
1.8182
1.7608
1.7590
1.7992
1.7683
1.7853
1.8468
1.8698
1.8475
1.9204
1.8959
1.8946
1.8856
1.8849
1.8648
1.8627
1.8094
1.8354
1.8074
1.7668
1.7892
1.8164
1.7734
1.7572
1.7492
1.7604
1.7890
1.7792
1.7786
1.8355
1.7440
1.7095
1.6830
1.6862
1.6420
1.6269
1.5974
1.6109
1.6099
1.5892
1.5602
1.5594
1.5132
1.4737
1.4322
1.4141
1.3805
1.3733
1.3695
1.3848
1.3888
1.3940
1.3728
1.3474
1.3080
1.2742
1.2414
1.2128
1.1868
1.1684
1.1457
1.1271
1.1091
1.0953
1.0839
1.0901
1.0992
1.1216
1.1426
1.1510
1.1330
1.1080
1.0763
1.0546
1.0356
1.0228
1.0120
1.0047
0.9916
0.9828
0.9765
0.9712
0.9639
0.9623
0.9631
0.9700
0.9808
0.9969
1.0095
1.0223
1.0195
1.0095
0.9959
0.9886
0.9775
0.9709
0.9657
0.9622
0.9585
0.9568
0.9559
0.9547
0.9544
0.9533
0.9527
0.9540
0.9544
0.9550
0.9594
0.9659
0.9705
0.9763
0.9791
0.9773
0.9727
0.9697
0.9687
0.9678
0.9681
0.9676
0.9671
0.9667
0.9665
0.9654
0.9664
0.9668
0.9661
0.9662
0.9670
0.9662
0.9658
0.9667
0.9680
0.9700
0.9735
0.9769
0.9792
0.9808
0.9804
0.9782
0.9768
0.9777
0.9775
0.9779
0.9783
0.9781
0.9779
0.9788
0.9785
0.9787
0.9801
0.9801
0.9797
0.9810
0.9819
0.9817
0.9821
0.9835
0.9841
0.9837
0.9840
0.9848
0.9866
0.9887
0.9907
0.9924
0.9933
0.9918
0.9891
0.9881
0.9883
0.9879
0.9884
0.9886
0.9881
0.9886
0.9889
0.9883
0.9891
0.9901
0.9891
0.9892
0.9901
0.9896
0.9889
0.9896
0.9904
0.9902
0.9903
0.9910
0.9915
0.9915
0.9918
0.9930
0.9949
0.9964
0.9970
0.9974
0.9969
0.9951
0.9936
0.9936
0.9935
0.9937
0.9937
0.9935
0.9933
0.9935
0.9930
0.9928
0.9935
0.9931
0.9928
0.9934
0.9936
0.9931
0.9933
0.9936
0.9937
0.9935
0.9939
0.9945
0.9949
0.9949
0.9952
0.9954
0.9955
0.9959
0.9971
0.9984
0.9991
0.9995
0.9995
0.9986
0.9975
0.9970
0.9967
0.9965
0.9966
0.9966
0.9965
0.9968
0.9970
0.9967
0.9971
0.9972
0.9969
0.9971
0.9975
0.9973
0.9974
0.9976
0.9977
0.9975
0.9976
0.9977
0.9976
0.9975
0.9975
0.9976
0.9976
0.9976
0.9976
0.9976
0.9976
0.9979
0.9983
0.9984
0.9983
0.9980
0.9974
0.9968
0.9965
0.9964
0.9963
0.9963
0.9961
0.9959
0.9959
0.9958
0.9956
0.9959
0.9962
0.9964
0.9969
0.9973
0.9974
0.9974
0.9975
0.9977
0.9978
0.9980
0.9985
0.9989
0.9991
0.9992
0.9995
0.9995
0.9994
0.9993
0.9995
0.9994
0.9994
0.9996
0.9997
0.9999
1.0001
1.0003
1.0002
1.0002
1.0001
1.0000
0.9998
0.9999
0.9998
0.9999
0.9999
0.9999
0.9999
0.9999
0.9998
0.9996
0.9994
0.9992
0.9993
0.9993
0.9993
0.9994
0.9995
0.9995
0.9995
0.9996
0.9996
0.9996
0.9995
0.9994
0.9994
0.9994
0.9994
0.9994
0.9994
0.9994
0.9995
0.9995
0.9994
0.9995
0.9994
0.9992
0.9991
0.9990
0.9988
0.9986
0.9986
0.9985
0.9986
0.9988
0.9988
0.9989
0.9991
0.9991
0.9992
0.9994
0.9995
0.9996
0.9998
1.0000
1.0001
1.0002
1.0004
1.0005
1.0006
1.0006
1.0008
1.0008
1.0007
1.0009
1.0009
1.0010
1.0011
1.0012
1.0012
1.0013
1.0013
1.0013
1.0013
1.0013
1.0013
1.0014
1.0013
1.0012
1.0012
1.0012
1.0012
1.0012
1.0013
1.0013
1.0012
1.0011
1.0012
1.0011
1.0011
1.0012
1.0012
1.0012
1.0013
1.0013
1.0013
1.0013
1.0014
1.0014
1.0015
1.0016
1.0018
1.0018
1.0018
1.0017
1.0017
1.0016
1.0016
1.0016
1.0016
1.0016
1.0016
1.0016
1.0017
1.0019
1.0020
1.0020
1.0019
1.0019
1.0019
1.0018
1.0018
1.0019
1.0019
1.0019
1.0019
1.0019
1.0020
1.0020
1.0019
1.0020
1.0021
1.0020
1.0020
1.0020
1.0020
1.0019
1.0019
1.0019
1.0018
1.0019
1.0019
1.0020
1.0019
1.0019
1.0018
1.0018
1.0017
1.0017
1.0017
1.0017
1.0017
1.0017
1.0016
1.0015
1.0014
1.0014
1.0014
1.0015
1.0016
1.0016
1.0016
1.0016
1.0016
1.0015
1.0016
1.0017
1.0017
1.0018
1.0018
1.0019
1.0018
1.0017
1.0018
1.0018
1.0018
1.0018
1.0019
1.0020
1.0019
1.0020
1.0020
1.0019
1.0019
1.0018
1.0018
1.0018
1.0018
1.0018
1.0019
1.0020
1.0020
1.0021
1.0021
1.0020
1.0020
1.0019
1.0019
1.0019
1.0019
1.0019
1.0018
1.0018
1.0018
1.0018
1.0019
1.0019
1.0019
1.0020
1.0019
1.0019
1.0018
1.0018
1.0016
1.0016
1.0016
1.0015
1.0014
1.0014
1.0013
1.0012
1.0011
1.0011
1.0010
1.0009
1.0009
1.0008
1.0009
1.0010
1.0011
1.0010
1.0011
1.0011
1.0010
1.0011
1.0011
1.0011
1.0012
1.0012
1.0012
1.0012
1.0012
1.0012
1.0013
1.0013
1.0014
1.0014
1.0015
1.0015
1.0015
1.0014
1.0014
1.0013
1.0013
1.0013
1.0014
1.0013
1.0013
1.0013
1.0013
1.0012
1.0012
1.0012
1.0012
1.0012
1.0012
1.0012
1.0012
1.0012
1.0011
1.0011
1.0011
1.0011
1.0011
1.0011
1.0012
1.0012
1.0012
1.0012
1.0012
1.0012
1.0012
1.0011
1.0011
1.0010
1.0010
1.0010
1.0010
1.0010
1.0010
1.0009
1.0009
1.0007
1.0006
1.0005
1.0006
1.0006
1.0006
1.0006
1.0007
1.0006
1.0007
1.0007
1.0007
1.0007
1.0007
1.0007
1.0008
1.0008
1.0008
1.0008
1.0009
1.0009
1.0009
1.0008
1.0008
1.0008
1.0008
1.0008
1.0008
1.0008
1.0007
1.0007
1.0007
1.0007
1.0007
1.0008
1.0008
1.0009
1.0008
1.0009
1.0008
1.0009
1.0008
1.0008
1.0008
1.0008
1.0008
1.0009
1.0009
1.0009
1.0009
1.0009
1.0008
1.0007
1.0007
1.0006
1.0006
1.0006
1.0007
1.0007
1.0007
1.0007
1.0006
1.0006
1.0006
1.0006
1.0007
1.0008
1.0008
1.0008
1.0009
1.0009
1.0008
1.0008
1.0007
1.0007
1.0006
1.0006
1.0006
1.0005
1.0004
1.0004
1.0003
1.0003
1.0003
1.0004
1.0003
1.0004
1.0004
1.0005
1.0005
1.0005
1.0004
1.0004
1.0004
1.0003
1.0003
1.0003
1.0004
1.0004
1.0004
1.0005
1.0005
1.0005
1.0005
1.0005
1.0006
1.0005
1.0005
1.0004
1.0004
1.0004
1.0003
1.0004
1.0004
1.0004
1.0004
1.0004
1.0003
1.0003
1.0002
1.0002
1.0001
1.0000
0.9999
0.9999
0.9999
0.9999
1.0000
1.0001
1.0002
1.0002
1.0003
1.0003
1.0003
1.0003
1.0002
1.0003
1.0002
1.0002
1.0003
1.0002
1.0002
1.0002
1.0002
1.0002
1.0002
1.0002
1.0002
1.0003
1.0004
1.0003
1.0004
1.0003
1.0002
1.0002
1.0003
1.0003
1.0002
1.0002
1.0002
1.0002
1.0002
1.0003
1.0003
1.0003
1.0003
1.0003
1.0003
1.0003
1.0003
1.0003
1.0003
1.0003
1.0002
1.0002
1.0002
1.0002
1.0003
1.0003
1.0004
1.0005
1.0005
1.0005
1.0005
1.0004
1.0004
1.0003
1.0003
1.0002
1.0002
1.0003
1.0003
1.0003
1.0004
1.0004
1.0004
1.0004
1.0004
1.0004
1.0003
1.0003
1.0003
1.0003
1.0003
1.0004
1.0004
1.0004
1.0005
1.0005
1.0005
1.0005
1.0005
1.0005
1.0005
1.0005
1.0004
1.0004
1.0004
1.0004
1.0004
1.0004
1.0004
1.0003
1.0003
1.0003
1.0004
1.0004
1.0003
1.0003
1.0004
1.0003
1.0004
1.0004
1.0005
1.0005
1.0005
1.0004
1.0004
1.0004
1.0004
1.0004
1.0004
1.0003
1.0002
1.0002
1.0002
1.0002
1.0003
1.0003
1.0003
1.0003
1.0003
1.0003
1.0004
1.0004
1.0003
1.0003
1.0003
1.0003
1.0004
1.0005
1.0005
1.0005
1.0004
1.0004
1.0004
1.0004
1.0005
1.0005
1.0005
1.0005
1.0004
1.0004
1.0004
1.0004
1.0003
1.0004
1.0004
1.0004
1.0004
1.0004
1.0004
1.0004
1.0004
1.0004
1.0004
1.0005
1.0005
1.0005
1.0005
1.0006
1.0006
1.0006
1.0005
1.0005
1.0005
1.0004
1.0004
1.0004
1.0004
1.0005
1.0005
1.0005
1.0005
1.0004
1.0004
1.0003
1.0003
1.0003
1.0003
1.0004
1.0005
1.0006
1.0006
1.0006
1.0006
1.0004
1.0004
1.0003
1.0003
1.0003
1.0004
1.0004
1.0005
1.0005
1.0005
1.0005
1.0004
1.0004
1.0004
1.0004
1.0004
1.0004
1.0003
1.0003
1.0003
1.0003
1.0003
1.0003
1.0003
1.0003
1.0003
1.0002
1.0003
1.0003
1.0003
1.0004
1.0004
1.0004
1.0004
1.0003
1.0003
1.0003
1.0003
1.0003
1.0004
1.0003
1.0004
1.0004
1.0005
1.0005
1.0005
1.0005
1.0005
1.0005
1.0005
1.0005
1.0005
1.0004
1.0004
1.0003
1.0002
1.0002
1.0002
1.0002
1.0003
1.0004
1.0005
1.0006
1.0007
1.0006
1.0005
1.0005
1.0003
1.0002
1.0002
1.0001
1.0002
1.0002
1.0002
1.0003
1.0004
1.0004
1.0005
1.0006
1.0006
1.0005
1.0005
1.0005
1.0005
1.0005
1.0004
1.0004
1.0004
1.0003
1.0002
1.0002
1.0002
1.0003
1.0003
1.0004
1.0004
1.0004
1.0004
1.0003
1.0003
1.0003
1.0003
1.0003
1.0003
1.0003
1.0004
1.0004
1.0005
1.0005
1.0005
1.0005
1.0004
1.0003
1.0003
1.0003
1.0002
1.0002
1.0002
1.0002
1.0002
1.0003
1.0003
1.0004
1.0004
1.0003
1.0003
1.0003
1.0003
1.0003
1.0003
1.0003
1.0003
1.0003
1.0003
1.0003
1.0002
1.0002
1.0002
1.0003
1.0003
1.0004
1.0003
1.0003
1.0003
1.0003
1.0003
1.0003
1.0003
1.0003
1.0003
1.0003
1.0003
1.0003
1.0003
1.0003
1.0003
1.0003
1.0004
1.0004
1.0004
1.0004
1.0003
1.0003
1.0002
1.0002
1.0003
1.0003
1.0003
1.0004
1.0004
1.0003
1.0003
1.0003
1.0003
1.0003
1.0003
1.0004
1.0004
1.0004
1.0004
1.0004
1.0004
1.0004
1.0004
1.0005
1.0005
1.0005
1.0005
1.0004
1.0004
1.0003
1.0003
1.0003
1.0004
1.0003
1.0004
1.0004
1.0003
1.0004
1.0004
1.0004
1.0005
1.0005
1.0004
1.0004
1.0004
1.0004
1.0004
1.0004
1.0004
1.0004
1.0004
1.0005
1.0005
1.0005
1.0005
1.0005
1.0006
1.0005
1.0005
1.0005
1.0005
1.0005
1.0005
1.0005
1.0005
1.0005
1.0005
1.0005
1.0006
1.0006
1.0006
1.0006
1.0006
1.0006
1.0005
1.0005
1.0005
1.0004
1.0004
1.0004
1.0004
1.0004
1.0004
1.0004
1.0004
1.0005
1.0005
1.0006
1.0005
1.0005
1.0006
1.0006
1.0006
1.0006
1.0006
1.0006
1.0006
1.0006
1.0006
1.0006
1.0006
1.0006
1.0006
1.0006
1.0006
1.0006
1.0006
1.0006
1.0006
1.0006
1.0006
1.0006
1.0006
1.0005
1.0005
1.0005
1.0005
1.0006
1.0007
1.0007
1.0007
1.0007
1.0007
1.0007
1.0007
1.0007
1.0006
1.0007
1.0007
1.0006
1.0006
1.0007
1.0007
1.0007
1.0006
1.0007
1.0006
1.0007
1.0007
1.0007
1.0007
1.0008
1.0007
1.0008
1.0009
1.0009
1.0009
1.0008
1.0007
1.0008
1.0007
1.0008
1.0008
1.0008
1.0008
1.0008
1.0007
1.0007
1.0007
1.0007
1.0006
1.0007
1.0007
1.0007
1.0008
1.0009
1.0008
1.0008
1.0008
1.0008
1.0008
1.0008
1.0008
1.0009
1.0008
1.0008
1.0008
1.0008
1.0008
1.0008
1.0008
1.0008
1.0009
1.0010
1.0009
1.0009
1.0010
1.0010
1.0009
1.0010
1.0009
1.0009
1.0009
1.0008
1.0008
1.0008
1.0008
1.0008
1.0009
1.0010
1.0010
1.0011
1.0010
1.0010
1.0009
1.0010
1.0009
1.0009
1.0010
1.0009
1.0010
1.0010
1.0010
1.0010
1.0010
1.0010
1.0009
1.0009
1.0009
1.0010
1.0009
1.0009
1.0009
1.0009
1.0009
1.0008
1.0009
1.0009
1.0010
1.0010
1.0011
1.0011
1.0012
1.0012
1.0012
1.0011
1.0010
1.0010
1.0010
1.0010
1.0011
1.0011
1.0011
1.0011
1.0011
1.0011
1.0010
1.0010
1.0010
1.0010
1.0009
1.0010
1.0010
1.0010
1.0010
1.0010
1.0010
1.0010
1.0009
1.0009
1.0009
1.0009
1.0009
1.0009
1.0008
1.0008
1.0008
1.0008
1.0009
1.0009
1.0009
1.0010
1.0010
1.0010
1.0011
1.0011
1.0010
1.0011
1.0011
1.0010
1.0010
1.0010
1.0010
1.0011
1.0011
1.0012
1.0012
1.0011
1.0011
1.0010
1.0011
1.0011
1.0011
1.0011
1.0012
1.0012
1.0012
1.0012
1.0012
1.0011
1.0011
1.0011
1.0011
1.0011
1.0011
1.0011
1.0012
1.0012
1.0012
1.0012
1.0012
1.0011
1.0012
1.0012
1.0012
1.0012
1.0011
1.0010
1.0010
1.0010
1.0010
1.0011
1.0012
1.0012
1.0012
1.0011
1.0011
1.0011
1.0010
1.0010
1.0011
1.0010
1.0011
1.0012
1.0012
1.0012
1.0011
1.0011
1.0010
1.0010
1.0010
1.0011
1.0011
1.0010
1.0011
1.0011
1.0012
1.0013
1.0014
1.0013
1.0013
1.0013
1.0013
1.0011
1.0011
1.0012
1.0012
1.0011
1.0012
1.0012
1.0012
1.0012
1.0012
1.0011
1.0012
1.0012
1.0012
1.0012
1.0013
1.0012
1.0012
1.0011
1.0011
1.0011
1.0011
1.0011
1.0011
1.0013
1.0013
1.0013
1.0013
1.0012
1.0010
1.0009
1.0010
1.0010
1.0010
1.0010
1.0012
1.0012
1.0012
1.0012
1.0012
1.0012
1.0011
1.0012
1.0011
1.0012
1.0011
1.0012
1.0013
1.0013
1.0013
1.0015
1.0013
1.0013
1.0014
1.0013
1.0012
1.0012
1.0012
1.0011
1.0012
1.0012
1.0012
1.0013
1.0012
1.0012
1.0011
1.0012
1.0011
1.0010
1.0010
1.0011
1.0011
1.0011
1.0012
1.0010
1.0010
1.0011
1.0011
1.0012
1.0014
1.0014
1.0014
1.0013
1.0012
1.0012
1.0012
1.0012
1.0013
1.0014
1.0013
1.0014
1.0014
1.0013
1.0012
1.0013
1.0013
1.0015
1.0015
1.0016
1.0015
1.0014
1.0013
1.0012
1.0012
1.0013
1.0013
1.0013
1.0013
1.0013
1.0013
1.0013
1.0015
1.0016
1.0015
1.0015
1.0015
1.0014
1.0014
1.0014
1.0014
1.0015
1.0014
1.0015
1.0016
1.0015
1.0015
1.0014
1.0013
1.0013
1.0013
1.0014
1.0014
1.0014
1.0014
1.0014
1.0014
1.0014
1.0014
1.0015
1.0014
1.0013
1.0014
1.0013
1.0013
1.0014
1.0015
1.0015
1.0017
1.0016
1.0016
1.0016
1.0016
1.0014
1.0015
1.0014
1.0015
1.0014
1.0015
1.0014
1.0015
1.0014
1.0015
1.0014
1.0015
1.0013
1.0014
1.0014
1.0015
1.0015
1.0017
1.0016
1.0016
1.0016
1.0015
1.0014
1.0015
1.0016
1.0016
1.0015
1.0016
1.0016
1.0015
1.0017
1.0018
1.0017
1.0017
1.0017
1.0016
1.0016
1.0016
1.0016
1.0016
1.0016
1.0017
1.0016
1.0016
1.0015
1.0015
1.0015
1.0014
1.0015
1.0016
1.0015
1.0015
1.0015
1.0014
1.0013
1.0013
1.0014
1.0015
1.0016
1.0017
1.0018
1.0018
1.0018
1.0018
1.0018
1.0017
1.0015
1.0015
1.0014
1.0014
1.0015
1.0017
1.0017
1.0018
1.0018
1.0018
1.0017
1.0017
1.0017
1.0016
1.0016
1.0016
1.0016
1.0016
1.0017
1.0017
1.0017
1.0017
1.0018
1.0017
1.0017
1.0017
1.0017
1.0017
1.0017
1.0017
1.0017
1.0017
1.0016
1.0017
1.0017
1.0017
1.0016
1.0018
1.0019
1.0019
1.0019
1.0020
1.0019
1.0018
1.0019
1.0018
1.0018
1.0019
1.0019
1.0018
1.0019
1.0019
1.0019
1.0019
1.0019
1.0019
1.0020
1.0021
1.0020
1.0022
1.0021
1.0021
1.0019
1.0019
1.0019
1.0020
1.0018
1.0018
1.0019
1.0018
1.0018
1.0019
1.0020
1.0022
1.0024
1.0024
1.0026
1.0024
1.0021
1.0020
1.0020
1.0018
1.0019
1.0020
1.0020
1.0020
1.0021
1.0020
1.0019
1.0017
1.0014
1.0012
1.0014
1.0016
1.0018
1.0021
1.0022
1.0022
1.0021
1.0022
1.0022
1.0021
1.0023
1.0023
1.0022
1.0022
1.0022
1.0022
1.0023
1.0023
1.0022
1.0023
1.0022
1.0022
1.0023
1.0022
1.0022
1.0022
1.0021
1.0020
1.0020
1.0019
1.0020
1.0021
1.0021
1.0022
1.0023
1.0021
1.0020
1.0021
1.0025
1.0026
1.0027
1.0027
1.0027
1.0023
1.0022
1.0022
1.0022
1.0023
1.0023
1.0024
1.0025
1.0025
1.0024
1.0025
1.0025
1.0024
1.0025
1.0023
1.0021
1.0021
1.0021
1.0021
1.0023
1.0024
1.0025
1.0025
1.0025
1.0024
1.0024
1.0024
1.0024
1.0024
1.0026
1.0027
1.0026
1.0024
1.0023
1.0023
1.0022
1.0023
1.0024
1.0024
1.0024
1.0025
1.0024
1.0024
1.0025
1.0024
1.0024
1.0024
1.0025
1.0024
1.0026
1.0025
1.0025
1.0023
1.0023
1.0022
1.0022
1.0022
1.0022
1.0021
1.0021
1.0020
1.0020
1.0021
1.0022
1.0022
1.0023
1.0022
1.0023
1.0023
1.0023
1.0023
1.0025
1.0024
1.0025
1.0024
1.0024
1.0023
1.0023
1.0022
1.0023
1.0023
1.0021
1.0021
1.0019
1.0017
1.0015
1.0015
1.0015
1.0015
1.0016
1.0018
1.0018
1.0021
1.0022
1.0021
1.0026
1.0039
1.0040
1.0055
1.0123
1.0460
1.0221
1.0264
