1.0122
1.0368
1.0185
0.8881
0.2750
-4.2155
2.5687
2.3872
2.3813
2.5403
2.7341
2.8995
3.0497
2.8580
2.6654
2.8898
2.7499
2.8101
3.2193
3.3563
2.5800
2.3861
2.3406
2.2918
2.1864
2.4565
2.4494
2.3375
2.3243
2.6792
2.5134
3.0263
3.1503
3.4488
2.3054
2.2928
2.0977
2.0514
1.9245
2.0516
2.0576
2.1794
2.1773
2.2161
2.4044
2.4528
2.1308
2.1725
2.1106
1.9284
1.9412
1.9837
1.9053
1.8714
2.0004
1.8943
1.9123
1.9346
1.9292
1.9060
1.9709
1.9803
2.0918
2.1298
2.0934
2.0983
2.0985
2.0921
2.1509
2.1579
2.0500
1.9583
1.9193
1.8538
1.8244
1.8825
1.9490
1.8611
1.9124
1.8286
1.8137
1.7690
1.8220
1.8255
1.8385
1.8260
1.8292
1.8066
1.7673
1.8670
1.8427
1.8267
1.8046
1.8357
1.7956
1.8123
1.8458
1.8265
1.8306
1.8203
1.7907
1.7666
1.8157
1.7452
1.7381
1.7695
1.7972
1.7532
1.8081
1.7601
1.7289
1.7138
1.7005
1.6948
1.7073
1.6655
1.6735
1.6821
1.6562
1.6604
1.6538
1.6091
1.6052
1.6027
1.6126
1.6266
1.6438
1.6156
1.6149
1.5831
1.5853
1.5797
1.6002
1.6280
1.6652
1.6721
1.6725
1.6827
1.6445
1.6371
1.6342
1.6318
1.6221
1.6455
1.6410
1.6293
1.6290
1.6634
1.6335
1.6377
1.6251
1.6388
1.6195
1.6357
1.6519
1.7125
1.7204
1.7046
1.7643
1.7649
1.7142
1.7384
1.7985
1.7858
1.7870
1.8498
1.8726
1.8481
1.7211
1.7464
1.7336
1.7315
1.7503
1.9111
1.8074
1.8636
1.8475
1.7901
1.7758
1.8178
1.7606
1.7588
1.7987
1.7675
1.7849
1.8469
1.8698
1.8477
1.9209
1.8962
1.8940
1.8846
1.8838
1.8638
1.8612
1.8083
1.8352
1.8076
1.7673
1.7899
1.8170
1.7734
1.7569
1.7488
1.7599
1.7886
1.7789
1.7782
1.8350
1.7435
1.7092
1.6827
1.6860
1.6418
1.6269
1.5973
1.6107
1.6100
1.5898
1.5609
1.5599
1.5136
1.4739
1.4319
1.4136
1.3802
1.3729
1.3692
1.3846
1.3889
1.3944
1.3732
1.3476
1.3083
1.2743
1.2415
1.2129
1.1869
1.1684
1.1456
1.1271
1.1090
1.0952
1.0837
1.0901
1.0991
1.1214
1.1424
1.1510
1.1329
1.1078
1.0762
1.0547
1.0357
1.0228
1.0121
1.0046
0.9916
0.9827
0.9765
0.9712
0.9639
0.9623
0.9630
0.9699
0.9807
0.9968
1.0095
1.0222
1.0194
1.0093
0.9959
0.9886
0.9775
0.9709
0.9657
0.9620
0.9584
0.9567
0.9558
0.9547
0.9543
0.9533
0.9527
0.9539
0.9543
0.9550
0.9593
0.9658
0.9704
0.9762
0.9790
0.9773
0.9727
0.9697
0.9687
0.9678
0.9681
0.9676
0.9671
0.9667
0.9665
0.9654
0.9664
0.9668
0.9661
0.9662
0.9670
0.9661
0.9657
0.9666
0.9680
0.9700
0.9735
0.9768
0.9792
0.9808
0.9804
0.9782
0.9768
0.9777
0.9775
0.9778
0.9783
0.9781
0.9779
0.9788
0.9785
0.9787
0.9801
0.9801
0.9797
0.9810
0.9819
0.9816
0.9821
0.9834
0.9840
0.9837
0.9840
0.9848
0.9866
0.9887
0.9907
0.9924
0.9932
0.9918
0.9890
0.9881
0.9883
0.9879
0.9884
0.9887
0.9882
0.9886
0.9889
0.9883
0.9890
0.9901
0.9891
0.9892
0.9901
0.9896
0.9889
0.9896
0.9904
0.9902
0.9903
0.9910
0.9915
0.9916
0.9919
0.9930
0.9950
0.9964
0.9970
0.9974
0.9969
0.9951
0.9936
0.9936
0.9935
0.9937
0.9937
0.9934
0.9932
0.9935
0.9930
0.9928
0.9935
0.9931
0.9928
0.9934
0.9936
0.9931
0.9933
0.9936
0.9937
0.9935
0.9939
0.9945
0.9949
0.9949
0.9952
0.9954
0.9955
0.9958
0.9971
0.9984
0.9991
0.9995
0.9995
0.9986
0.9975
0.9970
0.9968
0.9965
0.9967
0.9966
0.9965
0.9968
0.9970
0.9967
0.9971
0.9972
0.9969
0.9971
0.9975
0.9973
0.9974
0.9976
0.9978
0.9975
0.9976
0.9977
0.9976
0.9975
0.9976
0.9977
0.9977
0.9977
0.9976
0.9976
0.9976
0.9979
0.9983
0.9984
0.9983
0.9980
0.9974
0.9968
0.9965
0.9964
0.9963
0.9963
0.9961
0.9959
0.9959
0.9958
0.9956
0.9959
0.9962
0.9964
0.9969
0.9973
0.9974
0.9974
0.9975
0.9976
0.9978
0.9980
0.9985
0.9989
0.9991
0.9992
0.9995
0.9995
0.9994
0.9993
0.9995
0.9994
0.9994
0.9996
0.9997
0.9999
1.0001
1.0003
1.0002
1.0002
1.0001
1.0000
0.9998
0.9999
0.9998
0.9998
0.9999
0.9999
0.9999
0.9999
0.9998
0.9996
0.9994
0.9993
0.9993
0.9993
0.9993
0.9994
0.9995
0.9995
0.9995
0.9996
0.9996
0.9996
0.9995
0.9995
0.9994
0.9994
0.9994
0.9994
0.9994
0.9994
0.9995
0.9995
0.9994
0.9995
0.9994
0.9992
0.9991
0.9991
0.9988
0.9987
0.9986
0.9985
0.9986
0.9987
0.9988
0.9989
0.9991
0.9991
0.9991
0.9993
0.9995
0.9995
0.9998
1.0000
1.0001
1.0002
1.0004
1.0005
1.0005
1.0006
1.0008
1.0008
1.0007
1.0009
1.0009
1.0010
1.0011
1.0012
1.0012
1.0013
1.0012
1.0013
1.0013
1.0013
1.0013
1.0014
1.0013
1.0012
1.0012
1.0012
1.0012
1.0012
1.0013
1.0013
1.0012
1.0011
1.0012
1.0011
1.0011
1.0012
1.0012
1.0012
1.0013
1.0013
1.0013
1.0013
1.0014
1.0014
1.0015
1.0016
1.0018
1.0018
1.0018
1.0017
1.0017
1.0016
1.0016
1.0016
1.0015
1.0016
1.0015
1.0016
1.0017
1.0019
1.0020
1.0020
1.0019
1.0019
1.0019
1.0018
1.0018
1.0019
1.0019
1.0019
1.0019
1.0019
1.0020
1.0020
1.0019
1.0020
1.0021
1.0020
1.0020
1.0020
1.0020
1.0019
1.0019
1.0019
1.0018
1.0019
1.0019
1.0020
1.0019
1.0019
1.0018
1.0018
1.0017
1.0017
1.0017
1.0017
1.0017
1.0017
1.0016
1.0015
1.0014
1.0014
1.0014
1.0014
1.0016
1.0016
1.0016
1.0016
1.0016
1.0015
1.0016
1.0017
1.0017
1.0018
1.0018
1.0019
1.0018
1.0017
1.0018
1.0018
1.0017
1.0018
1.0019
1.0020
1.0019
1.0020
1.0020
1.0020
1.0019
1.0018
1.0018
1.0018
1.0018
1.0018
1.0019
1.0020
1.0020
1.0020
1.0021
1.0020
1.0020
1.0019
1.0019
1.0019
1.0019
1.0019
1.0018
1.0018
1.0018
1.0018
1.0019
1.0019
1.0019
1.0020
1.0019
1.0019
1.0018
1.0018
1.0016
1.0016
1.0016
1.0015
1.0014
1.0014
1.0013
1.0012
1.0012
1.0011
1.0010
1.0010
1.0010
1.0009
1.0009
1.0010
1.0010
1.0010
1.0011
1.0011
1.0010
1.0011
1.0011
1.0011
1.0012
1.0012
1.0012
1.0012
1.0012
1.0012
1.0013
1.0013
1.0014
1.0014
1.0015
1.0014
1.0015
1.0014
1.0014
1.0013
1.0013
1.0013
1.0014
1.0013
1.0013
1.0013
1.0013
1.0012
1.0012
1.0012
1.0012
1.0012
1.0012
1.0012
1.0012
1.0012
1.0011
1.0011
1.0011
1.0011
1.0011
1.0012
1.0012
1.0012
1.0012
1.0012
1.0012
1.0012
1.0012
1.0011
1.0011
1.0010
1.0010
1.0010
1.0010
1.0010
1.0010
1.0009
1.0008
1.0007
1.0006
1.0005
1.0006
1.0006
1.0006
1.0007
1.0007
1.0006
1.0007
1.0007
1.0007
1.0007
1.0007
1.0007
1.0008
1.0008
1.0008
1.0008
1.0009
1.0009
1.0009
1.0008
1.0008
1.0008
1.0008
1.0007
1.0008
1.0008
1.0007
1.0007
1.0007
1.0007
1.0007
1.0008
1.0008
1.0009
1.0008
1.0009
1.0008
1.0009
1.0008
1.0008
1.0008
1.0008
1.0008
1.0009
1.0009
1.0009
1.0009
1.0009
1.0008
1.0007
1.0007
1.0006
1.0006
1.0006
1.0007
1.0007
1.0007
1.0007
1.0006
1.0006
1.0006
1.0006
1.0007
1.0008
1.0008
1.0008
1.0009
1.0009
1.0008
1.0008
1.0007
1.0007
1.0006
1.0006
1.0006
1.0005
1.0004
1.0004
1.0003
1.0003
1.0003
1.0004
1.0003
1.0004
1.0004
1.0004
1.0005
1.0005
1.0004
1.0004
1.0004
1.0003
1.0003
1.0003
1.0004
1.0004
1.0004
1.0005
1.0005
1.0005
1.0005
1.0005
1.0006
1.0005
1.0005
1.0004
1.0004
1.0004
1.0003
1.0004
1.0004
1.0004
1.0004
1.0004
1.0004
1.0003
1.0002
1.0002
1.0001
1.0000
0.9999
0.9999
0.9999
0.9999
1.0000
1.0001
1.0002
1.0002
1.0003
1.0003
1.0003
1.0003
1.0002
1.0003
1.0002
1.0002
1.0003
1.0002
1.0002
1.0002
1.0002
1.0002
1.0002
1.0002
1.0002
1.0003
1.0004
1.0003
1.0004
1.0003
1.0002
1.0002
1.0003
1.0003
1.0002
1.0002
1.0002
1.0002
1.0002
1.0003
1.0003
1.0003
1.0003
1.0003
1.0003
1.0003
1.0003
1.0003
1.0003
1.0003
1.0002
1.0002
1.0002
1.0002
1.0003
1.0003
1.0004
1.0005
1.0005
1.0005
1.0005
1.0004
1.0003
1.0003
1.0003
1.0002
1.0002
1.0003
1.0003
1.0003
1.0004
1.0004
1.0004
1.0004
1.0004
1.0004
1.0003
1.0003
1.0003
1.0003
1.0003
1.0004
1.0004
1.0005
1.0005
1.0005
1.0005
1.0005
1.0005
1.0005
1.0005
1.0005
1.0004
1.0004
1.0005
1.0004
1.0004
1.0004
1.0004
1.0003
1.0003
1.0003
1.0004
1.0004
1.0003
1.0003
1.0004
1.0003
1.0004
1.0004
1.0005
1.0004
1.0005
1.0004
1.0004
1.0004
1.0004
1.0004
1.0004
1.0003
1.0002
1.0002
1.0002
1.0002
1.0003
1.0003
1.0003
1.0003
1.0003
1.0003
1.0004
1.0004
1.0003
1.0003
1.0003
1.0003
1.0004
1.0005
1.0005
1.0005
1.0004
1.0004
1.0004
1.0004
1.0005
1.0005
1.0005
1.0005
1.0004
1.0004
1.0004
1.0004
1.0004
1.0004
1.0004
1.0004
1.0004
1.0004
1.0004
1.0004
1.0004
1.0004
1.0004
1.0005
1.0005
1.0005
1.0005
1.0005
1.0005
1.0005
1.0005
1.0005
1.0005
1.0005
1.0004
1.0004
1.0005
1.0005
1.0005
1.0005
1.0005
1.0004
1.0004
1.0003
1.0003
1.0003
1.0003
1.0004
1.0005
1.0006
1.0006
1.0006
1.0006
1.0005
1.0004
1.0003
1.0003
1.0004
1.0004
1.0004
1.0005
1.0005
1.0005
1.0005
1.0004
1.0004
1.0004
1.0004
1.0003
1.0004
1.0003
1.0003
1.0003
1.0003
1.0003
1.0003
1.0003
1.0003
1.0003
1.0003
1.0003
1.0003
1.0003
1.0004
1.0004
1.0004
1.0004
1.0003
1.0003
1.0003
1.0003
1.0003
1.0004
1.0003
1.0004
1.0004
1.0005
1.0005
1.0005
1.0005
1.0005
1.0005
1.0005
1.0005
1.0005
1.0004
1.0004
1.0003
1.0002
1.0002
1.0002
1.0002
1.0003
1.0004
1.0005
1.0006
1.0007
1.0006
1.0006
1.0005
1.0003
1.0002
1.0002
1.0001
1.0002
1.0002
1.0002
1.0003
1.0004
1.0004
1.0005
1.0006
1.0006
1.0005
1.0005
1.0005
1.0005
1.0005
1.0004
1.0004
1.0004
1.0003
1.0002
1.0002
1.0002
1.0003
1.0003
1.0004
1.0004
1.0004
1.0004
1.0003
1.0003
1.0003
1.0003
1.0003
1.0003
1.0003
1.0003
1.0004
1.0005
1.0005
1.0005
1.0005
1.0004
1.0003
1.0003
1.0003
1.0002
1.0002
1.0002
1.0002
1.0002
1.0003
1.0003
1.0004
1.0004
1.0003
1.0003
1.0003
1.0003
1.0003
1.0003
1.0003
1.0003
1.0003
1.0003
1.0003
1.0003
1.0002
1.0002
1.0003
1.0003
1.0004
1.0003
1.0003
1.0003
1.0003
1.0003
1.0003
1.0003
1.0003
1.0003
1.0003
1.0003
1.0003
1.0003
1.0003
1.0003
1.0003
1.0004
1.0004
1.0004
1.0004
1.0003
1.0003
1.0002
1.0002
1.0003
1.0003
1.0003
1.0004
1.0004
1.0003
1.0003
1.0003
1.0003
1.0003
1.0003
1.0004
1.0004
1.0004
1.0004
1.0004
1.0004
1.0004
1.0004
1.0005
1.0005
1.0005
1.0005
1.0004
1.0004
1.0003
1.0003
1.0003
1.0004
1.0003
1.0004
1.0004
1.0004
1.0004
1.0004
1.0004
1.0005
1.0005
1.0004
1.0004
1.0004
1.0004
1.0004
1.0004
1.0004
1.0004
1.0004
1.0005
1.0005
1.0005
1.0005
1.0005
1.0006
1.0005
1.0005
1.0005
1.0005
1.0005
1.0005
1.0005
1.0005
1.0005
1.0005
1.0005
1.0006
1.0006
1.0006
1.0006
1.0006
1.0006
1.0005
1.0005
1.0005
1.0004
1.0004
1.0004
1.0004
1.0004
1.0004
1.0004
1.0004
1.0005
1.0005
1.0006
1.0005
1.0005
1.0005
1.0005
1.0006
1.0005
1.0006
1.0006
1.0006
1.0006
1.0006
1.0006
1.0006
1.0006
1.0006
1.0006
1.0006
1.0006
1.0006
1.0006
1.0006
1.0006
1.0006
1.0006
1.0006
1.0005
1.0005
1.0005
1.0005
1.0006
1.0007
1.0007
1.0007
1.0007
1.0007
1.0007
1.0007
1.0007
1.0007
1.0007
1.0007
1.0006
1.0006
1.0007
1.0007
1.0006
1.0006
1.0007
1.0006
1.0007
1.0007
1.0007
1.0007
1.0008
1.0007
1.0009
1.0009
1.0009
1.0009
1.0008
1.0007
1.0007
1.0007
1.0008
1.0008
1.0008
1.0008
1.0008
1.0007
1.0007
1.0007
1.0007
1.0006
1.0007
1.0007
1.0007
1.0008
1.0009
1.0008
1.0008
1.0008
1.0008
1.0008
1.0008
1.0008
1.0009
1.0008
1.0009
1.0008
1.0008
1.0008
1.0008
1.0009
1.0009
1.0009
1.0010
1.0009
1.0009
1.0010
1.0010
1.0009
1.0010
1.0009
1.0009
1.0009
1.0008
1.0008
1.0008
1.0008
1.0008
1.0009
1.0010
1.0010
1.0011
1.0010
1.0010
1.0010
1.0010
1.0010
1.0009
1.0010
1.0009
1.0010
1.0010
1.0010
1.0010
1.0010
1.0010
1.0009
1.0009
1.0009
1.0010
1.0009
1.0009
1.0009
1.0009
1.0009
1.0008
1.0009
1.0009
1.0010
1.0010
1.0011
1.0011
1.0012
1.0012
1.0012
1.0011
1.0010
1.0010
1.0010
1.0010
1.0010
1.0011
1.0010
1.0010
1.0011
1.0011
1.0010
1.0010
1.0010
1.0010
1.0009
1.0010
1.0010
1.0010
1.0010
1.0010
1.0010
1.0010
1.0009
1.0010
1.0009
1.0010
1.0009
1.0009
1.0008
1.0008
1.0008
1.0008
1.0009
1.0009
1.0009
1.0010
1.0010
1.0010
1.0010
1.0011
1.0010
1.0011
1.0011
1.0010
1.0010
1.0009
1.0010
1.0011
1.0011
1.0012
1.0012
1.0011
1.0011
1.0011
1.0011
1.0011
1.0011
1.0011
1.0012
1.0012
1.0012
1.0012
1.0012
1.0011
1.0011
1.0011
1.0011
1.0011
1.0011
1.0011
1.0012
1.0012
1.0012
1.0012
1.0012
1.0011
1.0012
1.0012
1.0012
1.0012
1.0011
1.0011
1.0010
1.0010
1.0010
1.0011
1.0012
1.0012
1.0012
1.0011
1.0011
1.0011
1.0010
1.0010
1.0011
1.0010
1.0011
1.0012
1.0012
1.0012
1.0011
1.0011
1.0010
1.0010
1.0010
1.0011
1.0011
1.0010
1.0011
1.0012
1.0012
1.0013
1.0013
1.0013
1.0013
1.0013
1.0013
1.0011
1.0011
1.0012
1.0012
1.0011
1.0012
1.0012
1.0012
1.0012
1.0012
1.0011
1.0012
1.0012
1.0012
1.0012
1.0013
1.0012
1.0012
1.0011
1.0011
1.0011
1.0011
1.0011
1.0011
1.0013
1.0013
1.0013
1.0013
1.0012
1.0010
1.0009
1.0010
1.0010
1.0010
1.0010
1.0012
1.0012
1.0012
1.0012
1.0012
1.0012
1.0011
1.0012
1.0011
1.0012
1.0011
1.0013
1.0013
1.0013
1.0013
1.0014
1.0013
1.0013
1.0014
1.0013
1.0013
1.0012
1.0012
1.0011
1.0011
1.0011
1.0012
1.0012
1.0012
1.0012
1.0011
1.0012
1.0010
1.0010
1.0010
1.0010
1.0010
1.0011
1.0012
1.0010
1.0011
1.0011
1.0011
1.0013
1.0014
1.0014
1.0014
1.0013
1.0012
1.0012
1.0012
1.0012
1.0013
1.0014
1.0013
1.0014
1.0014
1.0013
1.0012
1.0013
1.0013
1.0015
1.0016
1.0016
1.0015
1.0014
1.0013
1.0012
1.0012
1.0013
1.0013
1.0013
1.0013
1.0013
1.0013
1.0013
1.0015
1.0016
1.0015
1.0015
1.0015
1.0013
1.0014
1.0014
1.0014
1.0015
1.0014
1.0016
1.0016
1.0015
1.0015
1.0014
1.0013
1.0013
1.0013
1.0014
1.0014
1.0014
1.0014
1.0014
1.0014
1.0014
1.0014
1.0015
1.0014
1.0014
1.0014
1.0013
1.0013
1.0014
1.0015
1.0015
1.0017
1.0017
1.0016
1.0016
1.0016
1.0014
1.0014
1.0014
1.0014
1.0014
1.0015
1.0014
1.0015
1.0014
1.0015
1.0014
1.0015
1.0013
1.0015
1.0014
1.0015
1.0015
1.0017
1.0016
1.0016
1.0016
1.0015
1.0015
1.0015
1.0016
1.0016
1.0015
1.0016
1.0016
1.0015
1.0016
1.0017
1.0017
1.0017
1.0017
1.0016
1.0016
1.0016
1.0016
1.0016
1.0016
1.0017
1.0016
1.0016
1.0015
1.0015
1.0014
1.0014
1.0015
1.0016
1.0015
1.0015
1.0015
1.0014
1.0013
1.0013
1.0014
1.0015
1.0017
1.0018
1.0018
1.0019
1.0018
1.0018
1.0018
1.0017
1.0015
1.0015
1.0014
1.0014
1.0015
1.0017
1.0017
1.0018
1.0018
1.0018
1.0017
1.0017
1.0017
1.0016
1.0016
1.0016
1.0016
1.0016
1.0016
1.0017
1.0017
1.0017
1.0018
1.0017
1.0017
1.0018
1.0017
1.0017
1.0017
1.0017
1.0017
1.0018
1.0016
1.0017
1.0017
1.0017
1.0016
1.0018
1.0019
1.0019
1.0020
1.0020
1.0019
1.0018
1.0019
1.0019
1.0018
1.0019
1.0019
1.0018
1.0019
1.0019
1.0019
1.0019
1.0019
1.0019
1.0020
1.0021
1.0020
1.0022
1.0021
1.0021
1.0020
1.0020
1.0019
1.0020
1.0019
1.0018
1.0019
1.0018
1.0018
1.0019
1.0020
1.0022
1.0024
1.0024
1.0026
1.0024
1.0021
1.0020
1.0020
1.0018
1.0019
1.0020
1.0020
1.0020
1.0022
1.0020
1.0019
1.0017
1.0014
1.0013
1.0014
1.0016
1.0018
1.0021
1.0023
1.0022
1.0021
1.0022
1.0022
1.0021
1.0023
1.0023
1.0022
1.0022
1.0022
1.0022
1.0023
1.0023
1.0022
1.0023
1.0022
1.0022
1.0023
1.0022
1.0022
1.0022
1.0021
1.0020
1.0020
1.0019
1.0020
1.0021
1.0021
1.0022
1.0023
1.0021
1.0020
1.0021
1.0025
1.0026
1.0027
1.0027
1.0027
1.0023
1.0022
1.0022
1.0022
1.0023
1.0023
1.0024
1.0025
1.0025
1.0024
1.0025
1.0025
1.0024
1.0025
1.0023
1.0021
1.0021
1.0022
1.0021
1.0023
1.0024
1.0025
1.0025
1.0025
1.0024
1.0024
1.0024
1.0024
1.0024
1.0026
1.0027
1.0026
1.0024
1.0023
1.0023
1.0022
1.0023
1.0024
1.0024
1.0024
1.0025
1.0024
1.0024
1.0025
1.0024
1.0024
1.0025
1.0025
1.0024
1.0026
1.0025
1.0025
1.0023
1.0023
1.0022
1.0022
1.0022
1.0022
1.0022
1.0021
1.0019
1.0020
1.0021
1.0022
1.0021
1.0023
1.0022
1.0023
1.0023
1.0023
1.0023
1.0025
1.0024
1.0025
1.0024
1.0024
1.0023
1.0023
1.0022
1.0023
1.0023
1.0022
1.0021
1.0019
1.0017
1.0015
1.0015
1.0015
1.0016
1.0016
1.0018
1.0018
1.0021
1.0022
1.0021
1.0026
1.0039
1.0040
1.0055
1.0123
1.0460
1.0217
1.0262
