1.0122
1.0368
1.0185
0.8881
0.2741
-4.2241
2.5703
2.3890
2.3833
2.5416
2.7356
2.9027
3.0521
2.8618
2.6692
2.8929
2.7515
2.8122
3.2204
3.3583
2.5829
2.3901
2.3436
2.2941
2.1878
2.4583
2.4508
2.3389
2.3264
2.6825
2.5170
3.0318
3.1560
3.4540
2.3073
2.2930
2.0976
2.0517
1.9251
2.0526
2.0585
2.1800
2.1780
2.2165
2.4051
2.4542
2.1321
2.1731
2.1115
1.9289
1.9419
1.9842
1.9063
1.8725
2.0014
1.8951
1.9136
1.9352
1.9294
1.9066
1.9709
1.9809
2.0928
2.1308
2.0940
2.0997
2.0983
2.0921
2.1512
2.1583
2.0505
1.9593
1.9202
1.8546
1.8254
1.8833
1.9502
1.8624
1.9146
1.8304
1.8151
1.7701
1.8228
1.8257
1.8387
1.8267
1.8302
1.8082
1.7687
1.8686
1.8440
1.8274
1.8052
1.8358
1.7958
1.8123
1.8458
1.8265
1.8312
1.8217
1.7921
1.7688
1.8180
1.7470
1.7395
1.7709
1.7982
1.7546
1.8097
1.7613
1.7301
1.7150
1.7010
1.6950
1.7075
1.6659
1.6740
1.6828
1.6576
1.6615
1.6546
1.6098
1.6060
1.6030
1.6131
1.6272
1.6442
1.6157
1.6153
1.5836
1.5857
1.5800
1.6009
1.6283
1.6653
1.6718
1.6728
1.6829
1.6450
1.6378
1.6355
1.6327
1.6230
1.6464
1.6416
1.6298
1.6300
1.6644
1.6344
1.6392
1.6264
1.6395
1.6205
1.6364
1.6522
1.7128
1.7210
1.7053
1.7652
1.7659
1.7156
1.7396
1.7995
1.7864
1.7882
1.8502
1.8732
1.8486
1.7218
1.7469
1.7341
1.7320
1.7510
1.9123
1.8085
1.8655
1.8492
1.7909
1.7763
1.8183
1.7607
1.7591
1.7995
1.7689
1.7862
1.8476
1.8704
1.8481
1.9209
1.8962
1.8949
1.8854
1.8853
1.8651
1.8630
1.8101
1.8369
1.8086
1.7683
1.7909
1.8183
1.7746
1.7588
1.7503
1.7615
1.7900
1.7802
1.7789
1.8356
1.7441
1.7099
1.6838
1.6873
1.6434
1.6277
1.5979
1.6114
1.6105
1.5899
1.5614
1.5607
1.5143
1.4746
1.4327
1.4145
1.3806
1.3732
1.3694
1.3851
1.3890
1.3948
1.3737
1.3479
1.3085
1.2750
1.2420
1.2136
1.1879
1.1695
1.1467
1.1280
1.1098
1.0956
1.0841
1.0901
1.0991
1.1216
1.1426
1.1510
1.1330
1.1079
1.0760
1.0545
1.0357
1.0230
1.0123
1.0049
0.9918
0.9829
0.9765
0.9712
0.9639
0.9624
0.9630
0.9699
0.9808
0.9968
1.0094
1.0223
1.0195
1.0095
0.9961
0.9886
0.9775
0.9709
0.9657
0.9620
0.9584
0.9567
0.9559
0.9546
0.9544
0.9533
0.9528
0.9540
0.9544
0.9551
0.9594
0.9659
0.9705
0.9763
0.9792
0.9774
0.9728
0.9698
0.9688
0.9679
0.9682
0.9677
0.9672
0.9668
0.9666
0.9655
0.9665
0.9669
0.9662
0.9663
0.9671
0.9662
0.9659
0.9667
0.9681
0.9701
0.9736
0.9769
0.9793
0.9809
0.9805
0.9783
0.9768
0.9778
0.9776
0.9779
0.9783
0.9782
0.9779
0.9789
0.9785
0.9788
0.9802
0.9802
0.9797
0.9811
0.9820
0.9817
0.9821
0.9835
0.9841
0.9838
0.9841
0.9849
0.9867
0.9888
0.9908
0.9925
0.9934
0.9918
0.9891
0.9882
0.9883
0.9880
0.9884
0.9887
0.9882
0.9886
0.9889
0.9883
0.9890
0.9901
0.9892
0.9892
0.9900
0.9896
0.9889
0.9896
0.9904
0.9902
0.9903
0.9910
0.9915
0.9916
0.9919
0.9930
0.9949
0.9964
0.9970
0.9974
0.9969
0.9951
0.9936
0.9936
0.9935
0.9937
0.9938
0.9935
0.9933
0.9936
0.9930
0.9929
0.9935
0.9931
0.9928
0.9935
0.9936
0.9931
0.9933
0.9937
0.9937
0.9935
0.9939
0.9945
0.9949
0.9949
0.9952
0.9954
0.9955
0.9959
0.9971
0.9984
0.9991
0.9996
0.9995
0.9987
0.9975
0.9971
0.9968
0.9966
0.9967
0.9966
0.9965
0.9968
0.9970
0.9967
0.9971
0.9972
0.9969
0.9971
0.9975
0.9973
0.9974
0.9976
0.9978
0.9975
0.9976
0.9977
0.9976
0.9975
0.9976
0.9977
0.9977
0.9977
0.9976
0.9976
0.9976
0.9979
0.9983
0.9984
0.9983
0.9980
0.9974
0.9968
0.9965
0.9964
0.9964
0.9963
0.9961
0.9960
0.9959
0.9958
0.9956
0.9959
0.9962
0.9964
0.9969
0.9974
0.9974
0.9974
0.9975
0.9977
0.9978
0.9980
0.9985
0.9989
0.9991
0.9992
0.9995
0.9995
0.9994
0.9993
0.9995
0.9994
0.9994
0.9996
0.9998
0.9999
1.0001
1.0003
1.0002
1.0002
1.0001
1.0000
0.9999
0.9999
0.9999
0.9999
0.9999
0.9999
0.9999
0.9999
0.9998
0.9996
0.9995
0.9993
0.9993
0.9993
0.9993
0.9994
0.9995
0.9995
0.9995
0.9996
0.9996
0.9996
0.9995
0.9995
0.9994
0.9994
0.9994
0.9994
0.9994
0.9994
0.9995
0.9995
0.9994
0.9995
0.9994
0.9992
0.9991
0.9991
0.9988
0.9987
0.9986
0.9985
0.9986
0.9988
0.9988
0.9989
0.9991
0.9991
0.9992
0.9994
0.9995
0.9995
0.9998
1.0000
1.0001
1.0002
1.0004
1.0005
1.0006
1.0006
1.0008
1.0008
1.0007
1.0009
1.0010
1.0010
1.0011
1.0013
1.0012
1.0013
1.0013
1.0013
1.0013
1.0013
1.0013
1.0014
1.0014
1.0013
1.0012
1.0012
1.0012
1.0012
1.0013
1.0013
1.0013
1.0011
1.0012
1.0011
1.0011
1.0012
1.0013
1.0012
1.0013
1.0013
1.0013
1.0013
1.0014
1.0014
1.0015
1.0016
1.0018
1.0018
1.0018
1.0017
1.0017
1.0016
1.0016
1.0016
1.0016
1.0016
1.0016
1.0017
1.0018
1.0019
1.0020
1.0021
1.0019
1.0019
1.0019
1.0019
1.0018
1.0019
1.0019
1.0019
1.0019
1.0019
1.0020
1.0020
1.0019
1.0020
1.0021
1.0020
1.0020
1.0021
1.0020
1.0019
1.0019
1.0019
1.0019
1.0019
1.0019
1.0020
1.0019
1.0019
1.0019
1.0018
1.0017
1.0018
1.0017
1.0017
1.0017
1.0017
1.0016
1.0015
1.0015
1.0014
1.0014
1.0015
1.0016
1.0016
1.0017
1.0016
1.0016
1.0015
1.0016
1.0017
1.0017
1.0018
1.0018
1.0019
1.0018
1.0017
1.0018
1.0019
1.0018
1.0019
1.0019
1.0020
1.0020
1.0020
1.0020
1.0020
1.0019
1.0019
1.0018
1.0018
1.0018
1.0018
1.0019
1.0020
1.0021
1.0021
1.0021
1.0020
1.0020
1.0019
1.0019
1.0019
1.0019
1.0019
1.0018
1.0018
1.0018
1.0018
1.0019
1.0019
1.0019
1.0020
1.0019
1.0019
1.0018
1.0018
1.0016
1.0016
1.0016
1.0015
1.0014
1.0014
1.0013
1.0012
1.0012
1.0011
1.0010
1.0010
1.0010
1.0009
1.0009
1.0010
1.0011
1.0010
1.0011
1.0011
1.0010
1.0011
1.0011
1.0012
1.0012
1.0012
1.0012
1.0012
1.0012
1.0012
1.0013
1.0013
1.0014
1.0014
1.0015
1.0015
1.0015
1.0014
1.0014
1.0014
1.0013
1.0013
1.0014
1.0013
1.0013
1.0013
1.0013
1.0012
1.0013
1.0013
1.0013
1.0012
1.0012
1.0013
1.0012
1.0012
1.0012
1.0011
1.0011
1.0011
1.0011
1.0011
1.0012
1.0012
1.0012
1.0012
1.0012
1.0012
1.0012
1.0012
1.0011
1.0011
1.0010
1.0010
1.0010
1.0010
1.0010
1.0009
1.0009
1.0007
1.0007
1.0005
1.0006
1.0006
1.0006
1.0006
1.0007
1.0006
1.0007
1.0007
1.0007
1.0008
1.0007
1.0007
1.0008
1.0008
1.0008
1.0008
1.0009
1.0009
1.0009
1.0008
1.0008
1.0008
1.0008
1.0008
1.0008
1.0008
1.0007
1.0007
1.0007
1.0007
1.0008
1.0008
1.0009
1.0009
1.0009
1.0009
1.0009
1.0009
1.0008
1.0008
1.0008
1.0008
1.0008
1.0009
1.0009
1.0009
1.0009
1.0009
1.0008
1.0007
1.0007
1.0007
1.0007
1.0006
1.0007
1.0007
1.0008
1.0007
1.0006
1.0006
1.0006
1.0006
1.0007
1.0008
1.0008
1.0009
1.0009
1.0009
1.0008
1.0008
1.0008
1.0007
1.0006
1.0006
1.0006
1.0005
1.0004
1.0004
1.0003
1.0003
1.0003
1.0004
1.0004
1.0004
1.0005
1.0005
1.0005
1.0005
1.0004
1.0004
1.0004
1.0003
1.0003
1.0003
1.0004
1.0004
1.0005
1.0005
1.0005
1.0005
1.0005
1.0005
1.0006
1.0005
1.0005
1.0004
1.0004
1.0004
1.0004
1.0004
1.0004
1.0004
1.0004
1.0004
1.0004
1.0003
1.0003
1.0002
1.0001
1.0000
0.9999
0.9999
0.9999
0.9999
1.0000
1.0002
1.0002
1.0003
1.0003
1.0003
1.0003
1.0003
1.0002
1.0003
1.0003
1.0002
1.0003
1.0002
1.0002
1.0003
1.0002
1.0002
1.0003
1.0002
1.0002
1.0003
1.0004
1.0003
1.0004
1.0003
1.0002
1.0002
1.0003
1.0003
1.0002
1.0002
1.0002
1.0002
1.0002
1.0003
1.0003
1.0003
1.0004
1.0003
1.0003
1.0003
1.0003
1.0003
1.0003
1.0003
1.0002
1.0002
1.0002
1.0002
1.0003
1.0004
1.0004
1.0005
1.0005
1.0005
1.0005
1.0004
1.0004
1.0003
1.0003
1.0002
1.0002
1.0003
1.0003
1.0003
1.0004
1.0004
1.0005
1.0005
1.0005
1.0004
1.0004
1.0003
1.0003
1.0003
1.0003
1.0004
1.0004
1.0005
1.0005
1.0005
1.0005
1.0005
1.0005
1.0005
1.0005
1.0005
1.0004
1.0004
1.0005
1.0004
1.0004
1.0004
1.0004
1.0003
1.0003
1.0003
1.0004
1.0004
1.0003
1.0003
1.0004
1.0003
1.0004
1.0004
1.0005
1.0005
1.0005
1.0004
1.0005
1.0004
1.0004
1.0004
1.0004
1.0003
1.0002
1.0002
1.0002
1.0002
1.0003
1.0003
1.0003
1.0004
1.0004
1.0004
1.0004
1.0004
1.0003
1.0003
1.0003
1.0004
1.0004
1.0005
1.0005
1.0005
1.0004
1.0004
1.0004
1.0004
1.0005
1.0004
1.0005
1.0005
1.0004
1.0004
1.0004
1.0004
1.0003
1.0004
1.0004
1.0004
1.0004
1.0004
1.0004
1.0004
1.0004
1.0004
1.0004
1.0005
1.0005
1.0005
1.0005
1.0006
1.0005
1.0006
1.0005
1.0005
1.0005
1.0005
1.0004
1.0004
1.0005
1.0005
1.0005
1.0005
1.0005
1.0004
1.0004
1.0003
1.0003
1.0003
1.0003
1.0004
1.0005
1.0006
1.0006
1.0006
1.0006
1.0005
1.0004
1.0003
1.0003
1.0004
1.0004
1.0004
1.0005
1.0005
1.0005
1.0005
1.0004
1.0004
1.0004
1.0004
1.0004
1.0004
1.0003
1.0003
1.0003
1.0003
1.0004
1.0003
1.0003
1.0003
1.0003
1.0003
1.0003
1.0003
1.0003
1.0004
1.0004
1.0004
1.0004
1.0003
1.0003
1.0003
1.0003
1.0003
1.0004
1.0003
1.0004
1.0004
1.0005
1.0005
1.0005
1.0005
1.0005
1.0005
1.0005
1.0005
1.0005
1.0004
1.0004
1.0003
1.0002
1.0002
1.0002
1.0002
1.0003
1.0004
1.0005
1.0006
1.0007
1.0006
1.0006
1.0005
1.0003
1.0002
1.0002
1.0002
1.0002
1.0002
1.0002
1.0003
1.0004
1.0004
1.0005
1.0006
1.0006
1.0005
1.0005
1.0005
1.0005
1.0005
1.0004
1.0004
1.0004
1.0003
1.0002
1.0002
1.0002
1.0003
1.0003
1.0004
1.0004
1.0004
1.0004
1.0003
1.0003
1.0004
1.0004
1.0003
1.0003
1.0003
1.0004
1.0004
1.0005
1.0005
1.0006
1.0005
1.0004
1.0004
1.0003
1.0003
1.0002
1.0002
1.0002
1.0002
1.0002
1.0003
1.0003
1.0004
1.0004
1.0003
1.0003
1.0003
1.0003
1.0003
1.0003
1.0003
1.0003
1.0003
1.0002
1.0002
1.0002
1.0002
1.0002
1.0003
1.0003
1.0004
1.0003
1.0003
1.0003
1.0003
1.0003
1.0003
1.0003
1.0003
1.0004
1.0003
1.0003
1.0003
1.0003
1.0003
1.0003
1.0003
1.0004
1.0004
1.0004
1.0004
1.0004
1.0003
1.0002
1.0002
1.0003
1.0003
1.0003
1.0004
1.0004
1.0004
1.0003
1.0003
1.0003
1.0003
1.0003
1.0004
1.0004
1.0004
1.0004
1.0004
1.0004
1.0004
1.0005
1.0005
1.0005
1.0005
1.0005
1.0004
1.0004
1.0003
1.0004
1.0004
1.0004
1.0003
1.0004
1.0004
1.0004
1.0004
1.0004
1.0004
1.0005
1.0005
1.0004
1.0004
1.0004
1.0004
1.0004
1.0004
1.0004
1.0004
1.0004
1.0004
1.0005
1.0005
1.0005
1.0005
1.0006
1.0005
1.0005
1.0005
1.0005
1.0005
1.0005
1.0005
1.0005
1.0005
1.0005
1.0005
1.0006
1.0006
1.0006
1.0006
1.0006
1.0006
1.0005
1.0005
1.0005
1.0004
1.0004
1.0004
1.0004
1.0004
1.0004
1.0004
1.0005
1.0005
1.0005
1.0005
1.0005
1.0005
1.0006
1.0006
1.0006
1.0006
1.0006
1.0006
1.0006
1.0006
1.0006
1.0006
1.0006
1.0006
1.0006
1.0006
1.0006
1.0006
1.0006
1.0006
1.0006
1.0006
1.0006
1.0006
1.0006
1.0005
1.0005
1.0005
1.0006
1.0006
1.0007
1.0008
1.0007
1.0007
1.0007
1.0007
1.0007
1.0007
1.0007
1.0007
1.0007
1.0007
1.0006
1.0007
1.0007
1.0007
1.0007
1.0007
1.0006
1.0007
1.0007
1.0007
1.0007
1.0008
1.0008
1.0009
1.0009
1.0009
1.0009
1.0008
1.0008
1.0008
1.0007
1.0008
1.0008
1.0007
1.0008
1.0008
1.0007
1.0007
1.0007
1.0007
1.0006
1.0007
1.0007
1.0007
1.0008
1.0009
1.0008
1.0009
1.0009
1.0008
1.0008
1.0009
1.0008
1.0009
1.0008
1.0009
1.0008
1.0008
1.0008
1.0008
1.0008
1.0008
1.0009
1.0010
1.0009
1.0009
1.0010
1.0010
1.0010
1.0010
1.0009
1.0009
1.0009
1.0008
1.0008
1.0008
1.0008
1.0008
1.0010
1.0010
1.0010
1.0011
1.0010
1.0010
1.0010
1.0010
1.0010
1.0010
1.0010
1.0009
1.0010
1.0010
1.0010
1.0010
1.0010
1.0010
1.0009
1.0009
1.0009
1.0010
1.0009
1.0009
1.0009
1.0010
1.0009
1.0008
1.0009
1.0009
1.0009
1.0010
1.0011
1.0011
1.0012
1.0012
1.0012
1.0011
1.0010
1.0010
1.0010
1.0010
1.0011
1.0011
1.0011
1.0011
1.0011
1.0011
1.0010
1.0010
1.0010
1.0010
1.0009
1.0010
1.0010
1.0010
1.0010
1.0011
1.0010
1.0010
1.0009
1.0010
1.0009
1.0010
1.0009
1.0009
1.0008
1.0009
1.0008
1.0008
1.0009
1.0009
1.0009
1.0010
1.0010
1.0010
1.0011
1.0011
1.0010
1.0011
1.0011
1.0010
1.0010
1.0010
1.0010
1.0011
1.0011
1.0012
1.0012
1.0011
1.0011
1.0011
1.0011
1.0011
1.0011
1.0011
1.0012
1.0012
1.0012
1.0012
1.0012
1.0011
1.0011
1.0011
1.0011
1.0011
1.0011
1.0011
1.0012
1.0012
1.0012
1.0012
1.0012
1.0011
1.0012
1.0012
1.0012
1.0012
1.0011
1.0010
1.0010
1.0010
1.0010
1.0011
1.0012
1.0012
1.0012
1.0011
1.0011
1.0011
1.0010
1.0011
1.0011
1.0010
1.0011
1.0012
1.0012
1.0012
1.0011
1.0011
1.0010
1.0010
1.0011
1.0011
1.0011
1.0010
1.0011
1.0012
1.0012
1.0013
1.0014
1.0013
1.0013
1.0013
1.0013
1.0011
1.0011
1.0012
1.0012
1.0011
1.0012
1.0013
1.0012
1.0012
1.0012
1.0011
1.0012
1.0012
1.0012
1.0012
1.0013
1.0012
1.0012
1.0011
1.0011
1.0012
1.0011
1.0011
1.0011
1.0013
1.0013
1.0013
1.0013
1.0012
1.0010
1.0009
1.0010
1.0010
1.0010
1.0010
1.0012
1.0012
1.0012
1.0012
1.0012
1.0012
1.0011
1.0012
1.0012
1.0012
1.0011
1.0012
1.0013
1.0013
1.0013
1.0014
1.0013
1.0013
1.0014
1.0013
1.0013
1.0012
1.0012
1.0011
1.0011
1.0011
1.0012
1.0012
1.0012
1.0012
1.0011
1.0012
1.0011
1.0010
1.0010
1.0011
1.0011
1.0011
1.0012
1.0011
1.0011
1.0011
1.0011
1.0012
1.0014
1.0014
1.0014
1.0013
1.0012
1.0012
1.0012
1.0012
1.0013
1.0014
1.0013
1.0014
1.0014
1.0012
1.0012
1.0013
1.0013
1.0015
1.0016
1.0016
1.0015
1.0014
1.0013
1.0012
1.0012
1.0013
1.0013
1.0013
1.0013
1.0013
1.0013
1.0013
1.0015
1.0016
1.0015
1.0015
1.0015
1.0013
1.0014
1.0014
1.0014
1.0015
1.0014
1.0016
1.0016
1.0015
1.0015
1.0014
1.0013
1.0013
1.0013
1.0014
1.0014
1.0015
1.0014
1.0014
1.0014
1.0014
1.0014
1.0015
1.0014
1.0013
1.0014
1.0013
1.0013
1.0014
1.0015
1.0015
1.0017
1.0017
1.0016
1.0016
1.0016
1.0014
1.0014
1.0014
1.0014
1.0014
1.0015
1.0014
1.0015
1.0014
1.0015
1.0014
1.0015
1.0013
1.0014
1.0014
1.0015
1.0015
1.0017
1.0016
1.0016
1.0016
1.0015
1.0015
1.0015
1.0016
1.0016
1.0015
1.0016
1.0016
1.0015
1.0016
1.0017
1.0017
1.0017
1.0017
1.0016
1.0016
1.0016
1.0016
1.0016
1.0016
1.0017
1.0016
1.0016
1.0016
1.0015
1.0015
1.0014
1.0015
1.0016
1.0015
1.0015
1.0014
1.0014
1.0013
1.0013
1.0014
1.0015
1.0016
1.0017
1.0019
1.0019
1.0018
1.0018
1.0018
1.0017
1.0015
1.0014
1.0014
1.0014
1.0015
1.0017
1.0017
1.0018
1.0018
1.0018
1.0017
1.0017
1.0017
1.0016
1.0016
1.0016
1.0017
1.0017
1.0017
1.0017
1.0017
1.0017
1.0018
1.0017
1.0017
1.0017
1.0017
1.0017
1.0017
1.0017
1.0018
1.0018
1.0017
1.0017
1.0017
1.0017
1.0016
1.0018
1.0019
1.0019
1.0019
1.0020
1.0019
1.0018
1.0019
1.0018
1.0018
1.0019
1.0018
1.0018
1.0019
1.0018
1.0019
1.0019
1.0019
1.0019
1.0020
1.0021
1.0020
1.0022
1.0021
1.0021
1.0020
1.0019
1.0019
1.0020
1.0018
1.0018
1.0019
1.0018
1.0018
1.0019
1.0020
1.0022
1.0024
1.0024
1.0026
1.0024
1.0021
1.0020
1.0020
1.0018
1.0019
1.0020
1.0020
1.0020
1.0021
1.0019
1.0018
1.0016
1.0013
1.0012
1.0014
1.0016
1.0019
1.0021
1.0022
1.0022
1.0021
1.0022
1.0022
1.0022
1.0023
1.0023
1.0022
1.0022
1.0022
1.0022
1.0023
1.0023
1.0022
1.0023
1.0022
1.0022
1.0023
1.0022
1.0022
1.0022
1.0021
1.0020
1.0020
1.0019
1.0020
1.0021
1.0021
1.0022
1.0023
1.0021
1.0020
1.0021
1.0025
1.0026
1.0026
1.0027
1.0027
1.0023
1.0022
1.0022
1.0022
1.0023
1.0023
1.0023
1.0025
1.0025
1.0024
1.0025
1.0025
1.0024
1.0025
1.0023
1.0021
1.0021
1.0022
1.0021
1.0023
1.0025
1.0025
1.0025
1.0025
1.0024
1.0023
1.0023
1.0024
1.0024
1.0026
1.0027
1.0026
1.0024
1.0023
1.0023
1.0022
1.0023
1.0024
1.0024
1.0024
1.0024
1.0024
1.0024
1.0025
1.0024
1.0024
1.0024
1.0025
1.0024
1.0026
1.0025
1.0025
1.0023
1.0023
1.0022
1.0022
1.0022
1.0022
1.0021
1.0020
1.0019
1.0020
1.0021
1.0022
1.0021
1.0023
1.0022
1.0023
1.0023
1.0023
1.0023
1.0025
1.0024
1.0025
1.0024
1.0024
1.0023
1.0022
1.0022
1.0023
1.0023
1.0022
1.0021
1.0019
1.0017
1.0015
1.0014
1.0015
1.0015
1.0016
1.0017
1.0018
1.0021
1.0022
1.0021
1.0026
1.0039
1.0040
1.0055
1.0124
1.0460
1.0219
1.0266
