1.0122
1.0369
1.0184
0.8882
0.2747
-4.2193
2.5692
2.3879
2.3822
2.5412
2.7364
2.9026
3.0524
2.8612
2.6686
2.8925
2.7526
2.8141
3.2236
3.3599
2.5817
2.3877
2.3411
2.2913
2.1855
2.4566
2.4494
2.3381
2.3259
2.6818
2.5160
3.0311
3.1540
3.4509
2.3065
2.2920
2.0964
2.0506
1.9246
2.0519
2.0580
2.1799
2.1786
2.2174
2.4061
2.4555
2.1326
2.1731
2.1112
1.9288
1.9415
1.9837
1.9058
1.8719
2.0006
1.8948
1.9129
1.9346
1.9295
1.9065
1.9705
1.9803
2.0922
2.1303
2.0938
2.0994
2.0990
2.0924
2.1505
2.1570
2.0492
1.9579
1.9191
1.8539
1.8250
1.8829
1.9498
1.8622
1.9140
1.8301
1.8150
1.7700
1.8228
1.8264
1.8390
1.8272
1.8302
1.8080
1.7683
1.8686
1.8434
1.8271
1.8047
1.8356
1.7955
1.8128
1.8468
1.8277
1.8318
1.8215
1.7916
1.7676
1.8168
1.7461
1.7392
1.7708
1.7987
1.7548
1.8101
1.7617
1.7303
1.7151
1.7017
1.6955
1.7078
1.6662
1.6742
1.6827
1.6574
1.6617
1.6548
1.6100
1.6057
1.6029
1.6129
1.6270
1.6440
1.6160
1.6153
1.5835
1.5855
1.5800
1.6005
1.6280
1.6650
1.6719
1.6726
1.6832
1.6453
1.6378
1.6349
1.6320
1.6220
1.6451
1.6408
1.6292
1.6294
1.6638
1.6340
1.6387
1.6259
1.6392
1.6200
1.6361
1.6520
1.7130
1.7211
1.7054
1.7650
1.7657
1.7148
1.7392
1.7996
1.7868
1.7883
1.8512
1.8735
1.8489
1.7220
1.7476
1.7349
1.7332
1.7520
1.9129
1.8085
1.8653
1.8488
1.7913
1.7768
1.8186
1.7611
1.7593
1.7994
1.7688
1.7864
1.8479
1.8708
1.8482
1.9208
1.8961
1.8941
1.8853
1.8847
1.8644
1.8623
1.8093
1.8356
1.8083
1.7684
1.7912
1.8188
1.7752
1.7590
1.7508
1.7618
1.7905
1.7808
1.7790
1.8358
1.7439
1.7096
1.6829
1.6867
1.6429
1.6278
1.5980
1.6121
1.6113
1.5902
1.5616
1.5613
1.5144
1.4746
1.4330
1.4145
1.3806
1.3734
1.3697
1.3853
1.3895
1.3948
1.3733
1.3475
1.3079
1.2743
1.2414
1.2134
1.1876
1.1690
1.1463
1.1279
1.1095
1.0953
1.0839
1.0900
1.0990
1.1214
1.1426
1.1510
1.1330
1.1080
1.0762
1.0547
1.0357
1.0228
1.0121
1.0045
0.9914
0.9826
0.9764
0.9710
0.9638
0.9622
0.9630
0.9699
0.9808
0.9969
1.0095
1.0223
1.0195
1.0094
0.9960
0.9886
0.9775
0.9709
0.9657
0.9621
0.9585
0.9567
0.9559
0.9547
0.9544
0.9534
0.9528
0.9540
0.9544
0.9551
0.9595
0.9660
0.9705
0.9763
0.9792
0.9774
0.9728
0.9698
0.9688
0.9679
0.9682
0.9676
0.9672
0.9668
0.9666
0.9655
0.9665
0.9669
0.9662
0.9662
0.9671
0.9662
0.9658
0.9667
0.9680
0.9700
0.9736
0.9769
0.9793
0.9809
0.9805
0.9784
0.9769
0.9778
0.9776
0.9779
0.9784
0.9782
0.9780
0.9789
0.9786
0.9788
0.9802
0.9802
0.9797
0.9811
0.9820
0.9817
0.9822
0.9835
0.9841
0.9838
0.9841
0.9849
0.9867
0.9888
0.9908
0.9925
0.9933
0.9918
0.9891
0.9882
0.9883
0.9879
0.9884
0.9887
0.9882
0.9886
0.9890
0.9884
0.9891
0.9901
0.9892
0.9892
0.9901
0.9896
0.9889
0.9896
0.9904
0.9902
0.9903
0.9910
0.9915
0.9916
0.9919
0.9930
0.9950
0.9964
0.9970
0.9974
0.9969
0.9951
0.9936
0.9936
0.9935
0.9937
0.9938
0.9935
0.9933
0.9936
0.9931
0.9929
0.9935
0.9932
0.9928
0.9935
0.9936
0.9931
0.9933
0.9937
0.9937
0.9935
0.9939
0.9945
0.9949
0.9949
0.9952
0.9954
0.9955
0.9959
0.9971
0.9984
0.9991
0.9995
0.9995
0.9987
0.9975
0.9970
0.9968
0.9965
0.9967
0.9966
0.9966
0.9969
0.9970
0.9967
0.9971
0.9972
0.9969
0.9971
0.9975
0.9973
0.9973
0.9976
0.9977
0.9975
0.9976
0.9977
0.9976
0.9975
0.9976
0.9977
0.9976
0.9977
0.9977
0.9976
0.9976
0.9979
0.9983
0.9984
0.9983
0.9980
0.9974
0.9968
0.9966
0.9965
0.9964
0.9964
0.9961
0.9959
0.9959
0.9958
0.9956
0.9959
0.9962
0.9964
0.9969
0.9974
0.9974
0.9974
0.9976
0.9977
0.9978
0.9981
0.9985
0.9989
0.9991
0.9992
0.9995
0.9995
0.9994
0.9993
0.9995
0.9994
0.9994
0.9996
0.9998
0.9999
1.0001
1.0003
1.0002
1.0003
1.0001
1.0000
0.9999
0.9999
0.9999
0.9999
0.9999
0.9999
0.9999
0.9999
0.9998
0.9996
0.9994
0.9993
0.9993
0.9993
0.9993
0.9994
0.9995
0.9995
0.9995
0.9996
0.9996
0.9996
0.9995
0.9995
0.9994
0.9994
0.9994
0.9994
0.9994
0.9994
0.9995
0.9995
0.9994
0.9995
0.9994
0.9992
0.9992
0.9991
0.9989
0.9987
0.9986
0.9986
0.9986
0.9988
0.9988
0.9989
0.9991
0.9991
0.9992
0.9994
0.9996
0.9996
0.9998
1.0000
1.0002
1.0002
1.0004
1.0005
1.0006
1.0006
1.0008
1.0008
1.0007
1.0009
1.0010
1.0010
1.0011
1.0013
1.0012
1.0013
1.0013
1.0013
1.0013
1.0013
1.0014
1.0014
1.0014
1.0013
1.0012
1.0013
1.0012
1.0012
1.0013
1.0013
1.0013
1.0011
1.0012
1.0011
1.0011
1.0012
1.0013
1.0012
1.0013
1.0013
1.0013
1.0013
1.0014
1.0014
1.0015
1.0016
1.0018
1.0018
1.0018
1.0017
1.0017
1.0016
1.0016
1.0016
1.0016
1.0016
1.0016
1.0017
1.0018
1.0020
1.0020
1.0021
1.0020
1.0019
1.0019
1.0019
1.0018
1.0019
1.0020
1.0019
1.0019
1.0019
1.0020
1.0020
1.0019
1.0020
1.0021
1.0020
1.0020
1.0020
1.0020
1.0019
1.0019
1.0019
1.0018
1.0019
1.0019
1.0020
1.0019
1.0019
1.0018
1.0018
1.0017
1.0017
1.0017
1.0017
1.0017
1.0017
1.0016
1.0015
1.0015
1.0014
1.0014
1.0015
1.0016
1.0016
1.0017
1.0016
1.0016
1.0015
1.0016
1.0017
1.0018
1.0018
1.0019
1.0019
1.0018
1.0018
1.0018
1.0019
1.0018
1.0019
1.0019
1.0020
1.0019
1.0020
1.0020
1.0020
1.0019
1.0018
1.0018
1.0018
1.0018
1.0018
1.0019
1.0020
1.0021
1.0021
1.0021
1.0020
1.0020
1.0019
1.0019
1.0019
1.0019
1.0019
1.0018
1.0018
1.0018
1.0018
1.0019
1.0019
1.0019
1.0020
1.0019
1.0019
1.0019
1.0018
1.0017
1.0017
1.0016
1.0016
1.0014
1.0014
1.0013
1.0012
1.0012
1.0011
1.0010
1.0010
1.0010
1.0009
1.0009
1.0010
1.0011
1.0010
1.0011
1.0011
1.0010
1.0011
1.0011
1.0011
1.0012
1.0012
1.0012
1.0012
1.0012
1.0012
1.0013
1.0013
1.0014
1.0014
1.0015
1.0015
1.0015
1.0014
1.0014
1.0014
1.0013
1.0013
1.0014
1.0013
1.0013
1.0013
1.0013
1.0012
1.0012
1.0012
1.0012
1.0012
1.0012
1.0013
1.0013
1.0012
1.0012
1.0011
1.0011
1.0011
1.0011
1.0012
1.0012
1.0012
1.0012
1.0012
1.0012
1.0012
1.0012
1.0012
1.0011
1.0010
1.0010
1.0010
1.0010
1.0010
1.0010
1.0009
1.0009
1.0008
1.0007
1.0005
1.0006
1.0006
1.0006
1.0007
1.0007
1.0007
1.0007
1.0007
1.0007
1.0007
1.0007
1.0007
1.0008
1.0008
1.0008
1.0008
1.0009
1.0009
1.0009
1.0008
1.0008
1.0008
1.0008
1.0008
1.0008
1.0008
1.0007
1.0007
1.0007
1.0007
1.0007
1.0008
1.0009
1.0009
1.0009
1.0009
1.0009
1.0009
1.0008
1.0008
1.0008
1.0008
1.0008
1.0009
1.0009
1.0009
1.0009
1.0009
1.0008
1.0007
1.0007
1.0006
1.0006
1.0006
1.0006
1.0007
1.0007
1.0007
1.0006
1.0006
1.0006
1.0006
1.0007
1.0008
1.0008
1.0009
1.0009
1.0009
1.0008
1.0008
1.0007
1.0007
1.0006
1.0006
1.0006
1.0005
1.0004
1.0004
1.0003
1.0003
1.0003
1.0004
1.0003
1.0004
1.0005
1.0005
1.0005
1.0005
1.0004
1.0004
1.0004
1.0003
1.0003
1.0003
1.0004
1.0004
1.0005
1.0005
1.0005
1.0005
1.0005
1.0005
1.0006
1.0005
1.0005
1.0004
1.0004
1.0004
1.0004
1.0004
1.0004
1.0004
1.0004
1.0004
1.0004
1.0003
1.0003
1.0002
1.0001
1.0001
0.9999
0.9999
0.9999
0.9999
1.0000
1.0001
1.0002
1.0002
1.0003
1.0003
1.0003
1.0003
1.0002
1.0003
1.0002
1.0002
1.0003
1.0002
1.0002
1.0003
1.0002
1.0002
1.0003
1.0003
1.0002
1.0004
1.0004
1.0004
1.0004
1.0003
1.0002
1.0002
1.0003
1.0003
1.0002
1.0002
1.0002
1.0002
1.0002
1.0003
1.0003
1.0003
1.0003
1.0003
1.0003
1.0003
1.0003
1.0003
1.0003
1.0003
1.0002
1.0002
1.0002
1.0002
1.0003
1.0004
1.0004
1.0005
1.0005
1.0005
1.0005
1.0004
1.0004
1.0003
1.0003
1.0002
1.0002
1.0003
1.0003
1.0003
1.0004
1.0004
1.0005
1.0004
1.0005
1.0004
1.0004
1.0003
1.0003
1.0003
1.0003
1.0004
1.0005
1.0005
1.0005
1.0005
1.0005
1.0005
1.0005
1.0005
1.0005
1.0005
1.0004
1.0004
1.0005
1.0004
1.0004
1.0004
1.0004
1.0003
1.0003
1.0003
1.0004
1.0004
1.0003
1.0003
1.0004
1.0003
1.0004
1.0004
1.0005
1.0005
1.0005
1.0004
1.0005
1.0004
1.0004
1.0004
1.0004
1.0003
1.0002
1.0002
1.0002
1.0002
1.0003
1.0003
1.0003
1.0004
1.0004
1.0004
1.0004
1.0004
1.0003
1.0003
1.0003
1.0004
1.0004
1.0005
1.0005
1.0005
1.0004
1.0004
1.0004
1.0004
1.0005
1.0005
1.0005
1.0005
1.0004
1.0004
1.0004
1.0004
1.0004
1.0004
1.0004
1.0004
1.0004
1.0004
1.0004
1.0004
1.0004
1.0004
1.0004
1.0005
1.0005
1.0005
1.0005
1.0006
1.0006
1.0006
1.0005
1.0005
1.0005
1.0004
1.0004
1.0004
1.0005
1.0005
1.0005
1.0005
1.0005
1.0004
1.0003
1.0003
1.0003
1.0003
1.0003
1.0004
1.0005
1.0006
1.0006
1.0006
1.0006
1.0005
1.0004
1.0003
1.0003
1.0003
1.0004
1.0004
1.0005
1.0005
1.0005
1.0005
1.0004
1.0004
1.0004
1.0004
1.0003
1.0004
1.0003
1.0003
1.0003
1.0003
1.0004
1.0003
1.0003
1.0003
1.0003
1.0002
1.0003
1.0003
1.0003
1.0004
1.0004
1.0004
1.0004
1.0003
1.0003
1.0003
1.0003
1.0003
1.0004
1.0003
1.0004
1.0004
1.0005
1.0005
1.0005
1.0005
1.0005
1.0005
1.0005
1.0005
1.0005
1.0004
1.0004
1.0003
1.0002
1.0002
1.0002
1.0002
1.0003
1.0004
1.0005
1.0006
1.0007
1.0006
1.0005
1.0005
1.0003
1.0002
1.0002
1.0002
1.0002
1.0002
1.0002
1.0003
1.0004
1.0004
1.0005
1.0006
1.0006
1.0005
1.0005
1.0005
1.0005
1.0005
1.0004
1.0004
1.0004
1.0003
1.0002
1.0002
1.0002
1.0003
1.0003
1.0004
1.0004
1.0004
1.0004
1.0003
1.0003
1.0003
1.0003
1.0003
1.0003
1.0003
1.0004
1.0004
1.0005
1.0005
1.0005
1.0005
1.0004
1.0004
1.0003
1.0003
1.0002
1.0002
1.0002
1.0002
1.0002
1.0002
1.0003
1.0004
1.0003
1.0003
1.0003
1.0003
1.0003
1.0003
1.0003
1.0003
1.0003
1.0003
1.0003
1.0003
1.0002
1.0002
1.0002
1.0003
1.0003
1.0004
1.0003
1.0003
1.0003
1.0003
1.0003
1.0003
1.0003
1.0003
1.0003
1.0003
1.0003
1.0003
1.0003
1.0003
1.0003
1.0003
1.0004
1.0004
1.0004
1.0004
1.0003
1.0003
1.0002
1.0002
1.0003
1.0003
1.0004
1.0004
1.0004
1.0004
1.0003
1.0003
1.0003
1.0003
1.0003
1.0004
1.0004
1.0004
1.0004
1.0004
1.0004
1.0004
1.0005
1.0005
1.0005
1.0005
1.0005
1.0004
1.0004
1.0003
1.0003
1.0003
1.0004
1.0003
1.0004
1.0004
1.0004
1.0004
1.0004
1.0004
1.0005
1.0005
1.0004
1.0004
1.0004
1.0004
1.0004
1.0004
1.0004
1.0004
1.0004
1.0005
1.0005
1.0005
1.0005
1.0005
1.0006
1.0005
1.0005
1.0005
1.0005
1.0005
1.0005
1.0005
1.0005
1.0005
1.0005
1.0005
1.0006
1.0006
1.0006
1.0006
1.0006
1.0006
1.0005
1.0005
1.0005
1.0004
1.0004
1.0004
1.0004
1.0004
1.0004
1.0004
1.0004
1.0004
1.0005
1.0005
1.0005
1.0005
1.0006
1.0006
1.0006
1.0006
1.0006
1.0006
1.0006
1.0006
1.0006
1.0006
1.0006
1.0006
1.0006
1.0006
1.0006
1.0006
1.0006
1.0006
1.0006
1.0006
1.0006
1.0006
1.0006
1.0005
1.0005
1.0005
1.0005
1.0006
1.0007
1.0007
1.0007
1.0007
1.0007
1.0007
1.0007
1.0007
1.0007
1.0007
1.0007
1.0007
1.0006
1.0007
1.0007
1.0007
1.0007
1.0007
1.0006
1.0007
1.0007
1.0007
1.0007
1.0008
1.0008
1.0009
1.0009
1.0009
1.0009
1.0008
1.0008
1.0008
1.0008
1.0008
1.0008
1.0008
1.0008
1.0008
1.0007
1.0007
1.0007
1.0007
1.0006
1.0007
1.0007
1.0007
1.0008
1.0009
1.0008
1.0009
1.0009
1.0008
1.0008
1.0009
1.0008
1.0009
1.0009
1.0009
1.0008
1.0008
1.0008
1.0008
1.0009
1.0009
1.0009
1.0010
1.0009
1.0009
1.0010
1.0010
1.0010
1.0010
1.0010
1.0009
1.0009
1.0008
1.0008
1.0008
1.0008
1.0008
1.0010
1.0010
1.0010
1.0011
1.0010
1.0010
1.0010
1.0010
1.0010
1.0010
1.0010
1.0010
1.0010
1.0010
1.0010
1.0010
1.0010
1.0010
1.0009
1.0009
1.0009
1.0010
1.0009
1.0009
1.0009
1.0009
1.0009
1.0008
1.0009
1.0009
1.0009
1.0010
1.0011
1.0011
1.0012
1.0012
1.0012
1.0011
1.0010
1.0010
1.0010
1.0010
1.0011
1.0011
1.0011
1.0011
1.0011
1.0011
1.0010
1.0010
1.0010
1.0010
1.0009
1.0010
1.0010
1.0010
1.0010
1.0010
1.0010
1.0010
1.0009
1.0010
1.0009
1.0010
1.0009
1.0009
1.0008
1.0009
1.0008
1.0008
1.0009
1.0009
1.0009
1.0010
1.0010
1.0010
1.0011
1.0011
1.0010
1.0011
1.0011
1.0010
1.0010
1.0010
1.0010
1.0011
1.0011
1.0012
1.0012
1.0011
1.0011
1.0011
1.0011
1.0011
1.0011
1.0011
1.0012
1.0012
1.0012
1.0012
1.0012
1.0011
1.0011
1.0011
1.0011
1.0011
1.0011
1.0011
1.0012
1.0012
1.0012
1.0012
1.0012
1.0011
1.0012
1.0012
1.0012
1.0012
1.0011
1.0011
1.0010
1.0010
1.0010
1.0011
1.0012
1.0012
1.0012
1.0011
1.0011
1.0011
1.0010
1.0010
1.0011
1.0010
1.0011
1.0012
1.0012
1.0012
1.0011
1.0011
1.0010
1.0010
1.0010
1.0011
1.0011
1.0010
1.0011
1.0012
1.0012
1.0013
1.0014
1.0013
1.0013
1.0013
1.0013
1.0011
1.0011
1.0012
1.0011
1.0011
1.0012
1.0013
1.0012
1.0012
1.0012
1.0011
1.0012
1.0012
1.0012
1.0012
1.0013
1.0012
1.0012
1.0011
1.0011
1.0011
1.0011
1.0011
1.0011
1.0013
1.0013
1.0013
1.0013
1.0012
1.0010
1.0009
1.0009
1.0009
1.0010
1.0010
1.0012
1.0012
1.0012
1.0012
1.0012
1.0012
1.0011
1.0012
1.0011
1.0012
1.0010
1.0012
1.0013
1.0013
1.0013
1.0015
1.0014
1.0013
1.0014
1.0013
1.0012
1.0012
1.0012
1.0011
1.0011
1.0011
1.0012
1.0013
1.0012
1.0012
1.0011
1.0012
1.0011
1.0010
1.0010
1.0010
1.0010
1.0011
1.0012
1.0010
1.0010
1.0011
1.0011
1.0013
1.0014
1.0015
1.0014
1.0013
1.0012
1.0012
1.0012
1.0012
1.0013
1.0014
1.0013
1.0014
1.0014
1.0013
1.0012
1.0013
1.0013
1.0015
1.0015
1.0016
1.0015
1.0014
1.0013
1.0012
1.0012
1.0013
1.0013
1.0013
1.0012
1.0013
1.0013
1.0013
1.0015
1.0016
1.0015
1.0015
1.0015
1.0013
1.0014
1.0014
1.0014
1.0015
1.0014
1.0015
1.0016
1.0015
1.0015
1.0014
1.0013
1.0013
1.0013
1.0014
1.0014
1.0015
1.0014
1.0014
1.0014
1.0014
1.0014
1.0014
1.0014
1.0013
1.0014
1.0013
1.0013
1.0014
1.0015
1.0015
1.0017
1.0017
1.0016
1.0016
1.0016
1.0014
1.0015
1.0015
1.0015
1.0014
1.0015
1.0014
1.0015
1.0014
1.0015
1.0014
1.0015
1.0013
1.0014
1.0014
1.0015
1.0015
1.0017
1.0016
1.0016
1.0016
1.0015
1.0015
1.0015
1.0016
1.0016
1.0015
1.0016
1.0016
1.0015
1.0016
1.0017
1.0017
1.0017
1.0017
1.0016
1.0016
1.0016
1.0016
1.0016
1.0016
1.0017
1.0016
1.0016
1.0016
1.0015
1.0014
1.0014
1.0015
1.0016
1.0015
1.0015
1.0015
1.0014
1.0013
1.0013
1.0014
1.0016
1.0017
1.0018
1.0018
1.0018
1.0018
1.0018
1.0018
1.0017
1.0015
1.0014
1.0014
1.0014
1.0015
1.0017
1.0017
1.0018
1.0018
1.0018
1.0017
1.0017
1.0017
1.0016
1.0016
1.0016
1.0017
1.0016
1.0017
1.0017
1.0017
1.0017
1.0018
1.0017
1.0017
1.0017
1.0017
1.0017
1.0017
1.0017
1.0018
1.0018
1.0017
1.0017
1.0017
1.0017
1.0016
1.0018
1.0019
1.0019
1.0020
1.0020
1.0019
1.0018
1.0019
1.0019
1.0019
1.0019
1.0019
1.0018
1.0019
1.0019
1.0019
1.0019
1.0019
1.0018
1.0020
1.0020
1.0020
1.0022
1.0021
1.0021
1.0020
1.0019
1.0019
1.0020
1.0019
1.0018
1.0019
1.0018
1.0018
1.0019
1.0020
1.0023
1.0024
1.0024
1.0026
1.0024
1.0021
1.0020
1.0019
1.0018
1.0019
1.0020
1.0020
1.0020
1.0022
1.0020
1.0019
1.0017
1.0013
1.0012
1.0014
1.0016
1.0018
1.0021
1.0023
1.0022
1.0021
1.0022
1.0022
1.0021
1.0023
1.0023
1.0022
1.0022
1.0022
1.0022
1.0023
1.0023
1.0022
1.0023
1.0022
1.0022
1.0023
1.0022
1.0022
1.0021
1.0021
1.0020
1.0020
1.0019
1.0020
1.0021
1.0021
1.0022
1.0023
1.0021
1.0020
1.0021
1.0025
1.0026
1.0027
1.0027
1.0027
1.0023
1.0022
1.0022
1.0022
1.0023
1.0023
1.0024
1.0025
1.0025
1.0024
1.0025
1.0024
1.0024
1.0025
1.0023
1.0021
1.0021
1.0022
1.0021
1.0023
1.0024
1.0025
1.0024
1.0025
1.0024
1.0023
1.0023
1.0024
1.0024
1.0026
1.0027
1.0026
1.0024
1.0023
1.0023
1.0022
1.0023
1.0024
1.0024
1.0024
1.0024
1.0024
1.0024
1.0025
1.0024
1.0024
1.0025
1.0025
1.0024
1.0026
1.0025
1.0025
1.0023
1.0023
1.0022
1.0022
1.0022
1.0022
1.0022
1.0021
1.0019
1.0020
1.0021
1.0022
1.0021
1.0022
1.0022
1.0023
1.0022
1.0023
1.0023
1.0025
1.0024
1.0025
1.0024
1.0024
1.0023
1.0023
1.0022
1.0023
1.0023
1.0022
1.0021
1.0019
1.0017
1.0016
1.0015
1.0015
1.0015
1.0016
1.0018
1.0019
1.0021
1.0022
1.0021
1.0026
1.0039
1.0040
1.0055
1.0123
1.0460
1.0222
1.0265
