1.0122
1.0370
1.0184
0.8882
0.2747
-4.2161
2.5671
2.3858
2.3792
2.5375
2.7330
2.8993
3.0487
2.8584
2.6664
2.8892
2.7496
2.8112
3.2193
3.3553
2.5783
2.3839
2.3375
2.2876
2.1820
2.4526
2.4458
2.3349
2.3231
2.6780
2.5123
3.0264
3.1488
3.4466
2.3041
2.2905
2.0953
2.0498
1.9235
2.0515
2.0566
2.1787
2.1776
2.2166
2.4046
2.4543
2.1315
2.1721
2.1096
1.9277
1.9407
1.9828
1.9045
1.8709
1.9994
1.8940
1.9122
1.9339
1.9287
1.9056
1.9690
1.9792
2.0907
2.1285
2.0920
2.0979
2.0970
2.0908
2.1492
2.1560
2.0486
1.9571
1.9181
1.8530
1.8238
1.8812
1.9480
1.8606
1.9120
1.8283
1.8136
1.7687
1.8214
1.8247
1.8375
1.8255
1.8285
1.8067
1.7671
1.8671
1.8421
1.8260
1.8035
1.8342
1.7947
1.8117
1.8457
1.8265
1.8309
1.8207
1.7909
1.7664
1.8157
1.7449
1.7374
1.7688
1.7967
1.7530
1.8081
1.7602
1.7292
1.7143
1.7008
1.6948
1.7070
1.6653
1.6734
1.6820
1.6567
1.6611
1.6541
1.6093
1.6049
1.6021
1.6119
1.6261
1.6430
1.6151
1.6144
1.5828
1.5849
1.5794
1.5997
1.6268
1.6635
1.6701
1.6709
1.6817
1.6444
1.6370
1.6341
1.6310
1.6209
1.6437
1.6395
1.6278
1.6284
1.6628
1.6333
1.6379
1.6253
1.6384
1.6192
1.6352
1.6510
1.7118
1.7202
1.7045
1.7642
1.7649
1.7141
1.7381
1.7980
1.7851
1.7864
1.8492
1.8714
1.8479
1.7210
1.7468
1.7340
1.7325
1.7509
1.9118
1.8075
1.8641
1.8478
1.7902
1.7761
1.8176
1.7604
1.7582
1.7986
1.7677
1.7852
1.8467
1.8700
1.8469
1.9194
1.8950
1.8932
1.8835
1.8832
1.8631
1.8609
1.8079
1.8346
1.8071
1.7672
1.7902
1.8177
1.7741
1.7585
1.7501
1.7609
1.7895
1.7797
1.7775
1.8338
1.7422
1.7079
1.6816
1.6857
1.6424
1.6273
1.5972
1.6113
1.6102
1.5887
1.5601
1.5603
1.5135
1.4738
1.4325
1.4141
1.3801
1.3728
1.3689
1.3841
1.3888
1.3938
1.3725
1.3469
1.3075
1.2736
1.2410
1.2130
1.1872
1.1686
1.1459
1.1275
1.1091
1.0951
1.0837
1.0899
1.0989
1.1213
1.1424
1.1510
1.1329
1.1078
1.0760
1.0545
1.0355
1.0226
1.0118
1.0044
0.9912
0.9824
0.9761
0.9708
0.9635
0.9620
0.9628
0.9697
0.9806
0.9968
1.0094
1.0222
1.0194
1.0093
0.9959
0.9885
0.9774
0.9708
0.9656
0.9620
0.9584
0.9566
0.9558
0.9547
0.9544
0.9533
0.9527
0.9540
0.9544
0.9550
0.9594
0.9659
0.9705
0.9763
0.9791
0.9773
0.9727
0.9696
0.9686
0.9678
0.9681
0.9676
0.9671
0.9667
0.9665
0.9654
0.9664
0.9669
0.9661
0.9662
0.9670
0.9662
0.9658
0.9666
0.9680
0.9699
0.9735
0.9768
0.9792
0.9809
0.9805
0.9783
0.9769
0.9778
0.9775
0.9778
0.9783
0.9781
0.9779
0.9788
0.9785
0.9788
0.9802
0.9801
0.9797
0.9810
0.9819
0.9816
0.9821
0.9834
0.9840
0.9837
0.9840
0.9848
0.9866
0.9887
0.9907
0.9924
0.9933
0.9918
0.9891
0.9881
0.9883
0.9879
0.9884
0.9887
0.9882
0.9886
0.9890
0.9883
0.9891
0.9901
0.9892
0.9892
0.9901
0.9896
0.9889
0.9896
0.9904
0.9902
0.9903
0.9910
0.9915
0.9916
0.9919
0.9930
0.9950
0.9964
0.9970
0.9974
0.9969
0.9952
0.9936
0.9937
0.9935
0.9937
0.9938
0.9935
0.9933
0.9936
0.9931
0.9929
0.9935
0.9932
0.9928
0.9935
0.9936
0.9931
0.9933
0.9936
0.9937
0.9935
0.9939
0.9945
0.9948
0.9949
0.9952
0.9954
0.9955
0.9958
0.9971
0.9984
0.9991
0.9995
0.9995
0.9986
0.9974
0.9970
0.9967
0.9965
0.9967
0.9966
0.9966
0.9969
0.9970
0.9967
0.9971
0.9972
0.9969
0.9971
0.9975
0.9973
0.9973
0.9976
0.9977
0.9975
0.9976
0.9977
0.9976
0.9975
0.9976
0.9976
0.9976
0.9977
0.9976
0.9976
0.9976
0.9979
0.9983
0.9984
0.9983
0.9980
0.9974
0.9968
0.9965
0.9964
0.9964
0.9963
0.9961
0.9959
0.9959
0.9958
0.9956
0.9959
0.9962
0.9964
0.9969
0.9973
0.9974
0.9974
0.9975
0.9976
0.9978
0.9980
0.9985
0.9989
0.9991
0.9992
0.9994
0.9995
0.9994
0.9993
0.9995
0.9994
0.9994
0.9996
0.9997
0.9999
1.0001
1.0003
1.0002
1.0003
1.0001
1.0000
0.9999
0.9999
0.9999
0.9999
0.9999
0.9999
0.9999
0.9998
0.9998
0.9996
0.9994
0.9992
0.9993
0.9993
0.9993
0.9994
0.9995
0.9995
0.9995
0.9996
0.9996
0.9996
0.9995
0.9995
0.9994
0.9994
0.9994
0.9994
0.9994
0.9994
0.9995
0.9995
0.9994
0.9995
0.9994
0.9992
0.9992
0.9991
0.9989
0.9987
0.9986
0.9985
0.9986
0.9987
0.9988
0.9989
0.9991
0.9991
0.9992
0.9994
0.9995
0.9995
0.9998
1.0000
1.0002
1.0002
1.0004
1.0005
1.0005
1.0006
1.0008
1.0007
1.0007
1.0009
1.0009
1.0010
1.0011
1.0012
1.0012
1.0013
1.0013
1.0013
1.0013
1.0013
1.0013
1.0014
1.0013
1.0013
1.0012
1.0012
1.0012
1.0012
1.0013
1.0013
1.0012
1.0011
1.0012
1.0011
1.0011
1.0012
1.0013
1.0012
1.0013
1.0013
1.0013
1.0013
1.0014
1.0014
1.0015
1.0016
1.0018
1.0018
1.0018
1.0017
1.0017
1.0016
1.0016
1.0016
1.0015
1.0016
1.0016
1.0016
1.0017
1.0019
1.0020
1.0021
1.0019
1.0019
1.0019
1.0018
1.0018
1.0018
1.0019
1.0019
1.0019
1.0019
1.0020
1.0019
1.0019
1.0020
1.0021
1.0020
1.0020
1.0020
1.0020
1.0019
1.0019
1.0019
1.0018
1.0019
1.0019
1.0019
1.0019
1.0018
1.0018
1.0018
1.0017
1.0017
1.0017
1.0017
1.0017
1.0017
1.0016
1.0015
1.0014
1.0014
1.0014
1.0015
1.0016
1.0016
1.0017
1.0016
1.0016
1.0015
1.0016
1.0017
1.0017
1.0018
1.0019
1.0019
1.0018
1.0018
1.0018
1.0019
1.0018
1.0018
1.0019
1.0020
1.0019
1.0020
1.0020
1.0020
1.0019
1.0018
1.0018
1.0018
1.0018
1.0018
1.0019
1.0020
1.0020
1.0021
1.0021
1.0020
1.0020
1.0019
1.0019
1.0019
1.0019
1.0019
1.0018
1.0018
1.0018
1.0018
1.0019
1.0019
1.0019
1.0020
1.0019
1.0019
1.0018
1.0018
1.0017
1.0016
1.0016
1.0016
1.0014
1.0014
1.0013
1.0012
1.0011
1.0011
1.0010
1.0009
1.0009
1.0009
1.0009
1.0010
1.0011
1.0010
1.0011
1.0011
1.0010
1.0011
1.0011
1.0011
1.0012
1.0012
1.0012
1.0012
1.0012
1.0012
1.0013
1.0013
1.0014
1.0014
1.0015
1.0015
1.0015
1.0014
1.0014
1.0013
1.0013
1.0013
1.0014
1.0013
1.0013
1.0013
1.0013
1.0012
1.0012
1.0012
1.0012
1.0012
1.0012
1.0013
1.0012
1.0012
1.0011
1.0011
1.0011
1.0011
1.0011
1.0011
1.0012
1.0012
1.0012
1.0012
1.0012
1.0012
1.0012
1.0012
1.0011
1.0010
1.0010
1.0010
1.0010
1.0010
1.0010
1.0009
1.0009
1.0007
1.0006
1.0005
1.0006
1.0006
1.0006
1.0006
1.0007
1.0006
1.0006
1.0007
1.0007
1.0007
1.0007
1.0007
1.0007
1.0008
1.0008
1.0008
1.0009
1.0009
1.0009
1.0008
1.0008
1.0008
1.0008
1.0007
1.0007
1.0008
1.0007
1.0007
1.0007
1.0007
1.0007
1.0008
1.0008
1.0009
1.0008
1.0009
1.0008
1.0009
1.0008
1.0008
1.0008
1.0008
1.0008
1.0009
1.0009
1.0009
1.0009
1.0008
1.0008
1.0007
1.0007
1.0006
1.0006
1.0006
1.0006
1.0007
1.0007
1.0007
1.0006
1.0006
1.0006
1.0006
1.0007
1.0008
1.0008
1.0008
1.0009
1.0009
1.0008
1.0008
1.0007
1.0007
1.0006
1.0006
1.0006
1.0005
1.0004
1.0004
1.0003
1.0002
1.0003
1.0003
1.0003
1.0004
1.0005
1.0005
1.0005
1.0005
1.0004
1.0003
1.0003
1.0003
1.0003
1.0003
1.0004
1.0004
1.0004
1.0005
1.0005
1.0005
1.0005
1.0005
1.0006
1.0005
1.0005
1.0004
1.0004
1.0004
1.0003
1.0004
1.0004
1.0004
1.0004
1.0004
1.0003
1.0003
1.0002
1.0002
1.0001
1.0000
0.9999
0.9999
0.9999
0.9999
1.0000
1.0001
1.0002
1.0002
1.0003
1.0003
1.0002
1.0003
1.0002
1.0003
1.0002
1.0002
1.0003
1.0002
1.0002
1.0003
1.0002
1.0002
1.0002
1.0002
1.0002
1.0003
1.0004
1.0003
1.0003
1.0003
1.0002
1.0002
1.0003
1.0003
1.0002
1.0002
1.0002
1.0002
1.0002
1.0003
1.0003
1.0003
1.0003
1.0003
1.0003
1.0003
1.0003
1.0003
1.0003
1.0003
1.0002
1.0002
1.0002
1.0002
1.0003
1.0004
1.0004
1.0005
1.0005
1.0005
1.0005
1.0004
1.0003
1.0003
1.0003
1.0002
1.0002
1.0003
1.0003
1.0003
1.0004
1.0004
1.0004
1.0004
1.0004
1.0004
1.0004
1.0003
1.0003
1.0003
1.0003
1.0004
1.0004
1.0004
1.0005
1.0005
1.0005
1.0005
1.0005
1.0005
1.0005
1.0005
1.0004
1.0004
1.0004
1.0004
1.0004
1.0004
1.0004
1.0003
1.0003
1.0003
1.0004
1.0003
1.0003
1.0003
1.0003
1.0003
1.0004
1.0004
1.0005
1.0005
1.0005
1.0004
1.0005
1.0004
1.0004
1.0004
1.0004
1.0003
1.0002
1.0002
1.0002
1.0002
1.0003
1.0003
1.0003
1.0003
1.0003
1.0003
1.0003
1.0004
1.0003
1.0003
1.0003
1.0004
1.0004
1.0005
1.0005
1.0005
1.0004
1.0004
1.0004
1.0004
1.0005
1.0005
1.0005
1.0005
1.0004
1.0004
1.0004
1.0004
1.0003
1.0004
1.0004
1.0004
1.0004
1.0004
1.0004
1.0004
1.0004
1.0004
1.0004
1.0005
1.0005
1.0005
1.0005
1.0006
1.0005
1.0005
1.0005
1.0005
1.0005
1.0004
1.0004
1.0004
1.0005
1.0005
1.0005
1.0005
1.0005
1.0004
1.0003
1.0003
1.0003
1.0003
1.0003
1.0004
1.0005
1.0006
1.0006
1.0006
1.0006
1.0004
1.0004
1.0003
1.0003
1.0003
1.0004
1.0004
1.0005
1.0005
1.0005
1.0004
1.0004
1.0004
1.0003
1.0004
1.0003
1.0003
1.0003
1.0003
1.0003
1.0003
1.0003
1.0003
1.0003
1.0003
1.0003
1.0002
1.0003
1.0003
1.0003
1.0004
1.0004
1.0004
1.0004
1.0003
1.0003
1.0003
1.0003
1.0003
1.0003
1.0003
1.0004
1.0004
1.0005
1.0005
1.0005
1.0005
1.0005
1.0005
1.0005
1.0005
1.0005
1.0004
1.0004
1.0003
1.0002
1.0002
1.0002
1.0002
1.0003
1.0004
1.0005
1.0006
1.0006
1.0006
1.0005
1.0005
1.0003
1.0002
1.0002
1.0002
1.0002
1.0002
1.0002
1.0003
1.0004
1.0004
1.0005
1.0006
1.0006
1.0005
1.0005
1.0005
1.0005
1.0005
1.0004
1.0004
1.0003
1.0003
1.0002
1.0002
1.0002
1.0002
1.0003
1.0004
1.0004
1.0004
1.0004
1.0003
1.0003
1.0003
1.0003
1.0003
1.0003
1.0003
1.0004
1.0004
1.0005
1.0005
1.0005
1.0005
1.0004
1.0003
1.0003
1.0003
1.0002
1.0002
1.0002
1.0002
1.0002
1.0002
1.0003
1.0004
1.0003
1.0003
1.0003
1.0003
1.0003
1.0003
1.0003
1.0003
1.0003
1.0003
1.0003
1.0003
1.0002
1.0002
1.0002
1.0003
1.0003
1.0004
1.0003
1.0003
1.0003
1.0003
1.0003
1.0003
1.0003
1.0003
1.0003
1.0003
1.0003
1.0003
1.0003
1.0003
1.0003
1.0003
1.0004
1.0004
1.0004
1.0004
1.0003
1.0003
1.0002
1.0002
1.0003
1.0003
1.0003
1.0004
1.0004
1.0003
1.0003
1.0003
1.0003
1.0003
1.0003
1.0004
1.0004
1.0004
1.0004
1.0004
1.0004
1.0004
1.0005
1.0005
1.0005
1.0005
1.0005
1.0004
1.0004
1.0003
1.0003
1.0003
1.0003
1.0003
1.0004
1.0003
1.0003
1.0004
1.0004
1.0004
1.0004
1.0004
1.0004
1.0004
1.0004
1.0004
1.0004
1.0004
1.0004
1.0004
1.0004
1.0005
1.0005
1.0005
1.0005
1.0005
1.0006
1.0005
1.0005
1.0005
1.0005
1.0005
1.0005
1.0005
1.0005
1.0004
1.0005
1.0005
1.0006
1.0006
1.0006
1.0006
1.0006
1.0006
1.0005
1.0005
1.0004
1.0004
1.0004
1.0004
1.0004
1.0004
1.0004
1.0004
1.0004
1.0004
1.0005
1.0005
1.0005
1.0005
1.0006
1.0006
1.0006
1.0006
1.0006
1.0006
1.0006
1.0006
1.0006
1.0005
1.0006
1.0006
1.0006
1.0006
1.0006
1.0006
1.0006
1.0006
1.0006
1.0006
1.0006
1.0006
1.0005
1.0005
1.0005
1.0005
1.0005
1.0006
1.0007
1.0007
1.0007
1.0007
1.0007
1.0007
1.0007
1.0007
1.0006
1.0007
1.0007
1.0006
1.0006
1.0007
1.0007
1.0007
1.0007
1.0007
1.0006
1.0007
1.0007
1.0007
1.0007
1.0008
1.0008
1.0009
1.0009
1.0009
1.0009
1.0008
1.0007
1.0008
1.0008
1.0008
1.0008
1.0008
1.0008
1.0008
1.0007
1.0007
1.0007
1.0007
1.0006
1.0007
1.0007
1.0007
1.0008
1.0009
1.0008
1.0009
1.0008
1.0008
1.0008
1.0008
1.0008
1.0009
1.0008
1.0008
1.0008
1.0008
1.0008
1.0008
1.0009
1.0008
1.0009
1.0009
1.0009
1.0009
1.0009
1.0010
1.0009
1.0010
1.0009
1.0009
1.0009
1.0008
1.0008
1.0008
1.0008
1.0008
1.0010
1.0010
1.0010
1.0011
1.0010
1.0010
1.0010
1.0010
1.0010
1.0010
1.0010
1.0009
1.0010
1.0010
1.0010
1.0010
1.0010
1.0010
1.0009
1.0009
1.0009
1.0010
1.0009
1.0009
1.0009
1.0009
1.0009
1.0008
1.0009
1.0009
1.0009
1.0010
1.0011
1.0011
1.0012
1.0012
1.0012
1.0011
1.0010
1.0010
1.0010
1.0010
1.0011
1.0011
1.0011
1.0010
1.0011
1.0011
1.0011
1.0010
1.0010
1.0010
1.0009
1.0010
1.0010
1.0010
1.0010
1.0010
1.0010
1.0010
1.0009
1.0010
1.0009
1.0009
1.0009
1.0009
1.0008
1.0009
1.0008
1.0008
1.0009
1.0009
1.0009
1.0010
1.0010
1.0010
1.0011
1.0010
1.0010
1.0011
1.0011
1.0010
1.0010
1.0010
1.0010
1.0011
1.0011
1.0012
1.0012
1.0011
1.0011
1.0011
1.0011
1.0011
1.0011
1.0011
1.0012
1.0012
1.0012
1.0012
1.0012
1.0011
1.0011
1.0011
1.0011
1.0011
1.0011
1.0011
1.0012
1.0012
1.0012
1.0012
1.0012
1.0011
1.0012
1.0012
1.0012
1.0012
1.0011
1.0010
1.0010
1.0010
1.0010
1.0011
1.0011
1.0012
1.0012
1.0011
1.0011
1.0011
1.0010
1.0010
1.0011
1.0010
1.0011
1.0012
1.0012
1.0011
1.0011
1.0010
1.0010
1.0010
1.0010
1.0011
1.0011
1.0010
1.0011
1.0012
1.0012
1.0013
1.0013
1.0013
1.0013
1.0013
1.0013
1.0011
1.0011
1.0012
1.0011
1.0011
1.0012
1.0012
1.0012
1.0012
1.0012
1.0011
1.0012
1.0012
1.0012
1.0012
1.0012
1.0012
1.0012
1.0011
1.0011
1.0011
1.0011
1.0011
1.0011
1.0013
1.0013
1.0013
1.0013
1.0012
1.0010
1.0009
1.0009
1.0009
1.0010
1.0010
1.0012
1.0012
1.0012
1.0012
1.0012
1.0012
1.0011
1.0011
1.0011
1.0011
1.0010
1.0012
1.0013
1.0013
1.0013
1.0015
1.0013
1.0013
1.0014
1.0013
1.0012
1.0012
1.0012
1.0011
1.0011
1.0011
1.0012
1.0012
1.0012
1.0012
1.0011
1.0012
1.0011
1.0010
1.0010
1.0010
1.0010
1.0011
1.0011
1.0010
1.0010
1.0011
1.0011
1.0013
1.0014
1.0015
1.0014
1.0013
1.0012
1.0012
1.0012
1.0012
1.0013
1.0014
1.0013
1.0014
1.0014
1.0013
1.0012
1.0013
1.0013
1.0014
1.0015
1.0015
1.0015
1.0014
1.0013
1.0012
1.0012
1.0013
1.0013
1.0013
1.0012
1.0013
1.0013
1.0013
1.0015
1.0016
1.0015
1.0015
1.0015
1.0013
1.0013
1.0013
1.0014
1.0014
1.0014
1.0015
1.0016
1.0015
1.0015
1.0014
1.0013
1.0013
1.0013
1.0014
1.0014
1.0015
1.0014
1.0014
1.0014
1.0014
1.0014
1.0014
1.0014
1.0013
1.0014
1.0013
1.0013
1.0014
1.0015
1.0015
1.0017
1.0017
1.0016
1.0016
1.0017
1.0015
1.0015
1.0015
1.0015
1.0014
1.0015
1.0014
1.0015
1.0014
1.0015
1.0014
1.0015
1.0013
1.0014
1.0014
1.0014
1.0015
1.0017
1.0016
1.0016
1.0016
1.0015
1.0015
1.0015
1.0016
1.0016
1.0015
1.0016
1.0016
1.0015
1.0016
1.0017
1.0017
1.0017
1.0017
1.0016
1.0016
1.0016
1.0016
1.0016
1.0016
1.0017
1.0016
1.0016
1.0016
1.0015
1.0015
1.0014
1.0015
1.0016
1.0015
1.0015
1.0015
1.0014
1.0013
1.0013
1.0014
1.0015
1.0016
1.0017
1.0018
1.0018
1.0018
1.0017
1.0018
1.0016
1.0015
1.0014
1.0014
1.0014
1.0015
1.0017
1.0017
1.0018
1.0018
1.0018
1.0017
1.0017
1.0017
1.0016
1.0015
1.0016
1.0016
1.0016
1.0017
1.0017
1.0017
1.0017
1.0018
1.0017
1.0017
1.0017
1.0017
1.0016
1.0017
1.0017
1.0018
1.0018
1.0017
1.0017
1.0017
1.0017
1.0016
1.0018
1.0019
1.0019
1.0019
1.0020
1.0019
1.0018
1.0019
1.0018
1.0018
1.0019
1.0019
1.0018
1.0019
1.0018
1.0019
1.0019
1.0019
1.0018
1.0020
1.0020
1.0020
1.0022
1.0021
1.0021
1.0020
1.0019
1.0019
1.0020
1.0019
1.0019
1.0019
1.0018
1.0018
1.0019
1.0020
1.0023
1.0024
1.0024
1.0026
1.0024
1.0021
1.0020
1.0019
1.0018
1.0019
1.0020
1.0020
1.0020
1.0022
1.0020
1.0019
1.0017
1.0013
1.0012
1.0014
1.0016
1.0018
1.0021
1.0023
1.0022
1.0021
1.0022
1.0022
1.0021
1.0023
1.0023
1.0022
1.0022
1.0022
1.0022
1.0023
1.0023
1.0022
1.0023
1.0022
1.0022
1.0022
1.0022
1.0022
1.0021
1.0021
1.0020
1.0020
1.0019
1.0020
1.0021
1.0021
1.0022
1.0023
1.0021
1.0020
1.0021
1.0025
1.0026
1.0026
1.0027
1.0027
1.0023
1.0022
1.0022
1.0022
1.0023
1.0023
1.0023
1.0025
1.0025
1.0024
1.0025
1.0024
1.0024
1.0024
1.0023
1.0021
1.0021
1.0021
1.0021
1.0023
1.0024
1.0025
1.0024
1.0025
1.0024
1.0023
1.0023
1.0024
1.0024
1.0026
1.0027
1.0026
1.0024
1.0023
1.0023
1.0022
1.0023
1.0024
1.0024
1.0024
1.0024
1.0024
1.0023
1.0025
1.0024
1.0024
1.0024
1.0025
1.0024
1.0026
1.0025
1.0025
1.0023
1.0023
1.0022
1.0022
1.0022
1.0022
1.0022
1.0021
1.0019
1.0020
1.0021
1.0022
1.0021
1.0022
1.0022
1.0023
1.0022
1.0023
1.0023
1.0024
1.0024
1.0025
1.0024
1.0024
1.0023
1.0023
1.0022
1.0023
1.0023
1.0022
1.0021
1.0019
1.0017
1.0015
1.0015
1.0015
1.0015
1.0016
1.0018
1.0019
1.0021
1.0022
1.0021
1.0026
1.0039
1.0040
1.0055
1.0123
1.0459
1.0221
1.0263
