1.0122
1.0369
1.0184
0.8881
0.2749
-4.2165
2.5674
2.3859
2.3799
2.5387
2.7330
2.8996
3.0494
2.8584
2.6666
2.8893
2.7492
2.8103
3.2179
3.3532
2.5784
2.3845
2.3386
2.2895
2.1839
2.4552
2.4484
2.3373
2.3249
2.6807
2.5143
3.0286
3.1511
3.4474
2.3044
2.2906
2.0953
2.0499
1.9236
2.0512
2.0568
2.1791
2.1769
2.2162
2.4045
2.4539
2.1313
2.1726
2.1103
1.9280
1.9408
1.9828
1.9043
1.8707
1.9993
1.8937
1.9119
1.9336
1.9282
1.9054
1.9692
1.9795
2.0916
2.1294
2.0923
2.0978
2.0969
2.0907
2.1491
2.1564
2.0491
1.9577
1.9185
1.8536
1.8238
1.8816
1.9483
1.8609
1.9121
1.8286
1.8135
1.7685
1.8211
1.8245
1.8374
1.8252
1.8283
1.8063
1.7669
1.8668
1.8423
1.8261
1.8037
1.8347
1.7950
1.8116
1.8455
1.8263
1.8302
1.8201
1.7904
1.7665
1.8158
1.7456
1.7383
1.7701
1.7977
1.7537
1.8084
1.7603
1.7291
1.7141
1.7006
1.6944
1.7067
1.6650
1.6730
1.6817
1.6565
1.6609
1.6538
1.6091
1.6049
1.6022
1.6119
1.6261
1.6432
1.6151
1.6144
1.5828
1.5850
1.5793
1.5999
1.6272
1.6640
1.6706
1.6716
1.6819
1.6444
1.6370
1.6340
1.6310
1.6211
1.6441
1.6399
1.6284
1.6290
1.6634
1.6336
1.6381
1.6253
1.6384
1.6190
1.6351
1.6509
1.7117
1.7200
1.7043
1.7641
1.7648
1.7142
1.7384
1.7985
1.7857
1.7872
1.8499
1.8723
1.8482
1.7212
1.7466
1.7335
1.7318
1.7503
1.9111
1.8072
1.8640
1.8478
1.7902
1.7757
1.8172
1.7599
1.7577
1.7979
1.7673
1.7851
1.8467
1.8701
1.8475
1.9202
1.8958
1.8938
1.8841
1.8836
1.8632
1.8607
1.8076
1.8344
1.8065
1.7666
1.7893
1.8170
1.7734
1.7579
1.7498
1.7607
1.7893
1.7794
1.7775
1.8339
1.7424
1.7080
1.6816
1.6855
1.6420
1.6270
1.5972
1.6111
1.6101
1.5889
1.5601
1.5597
1.5131
1.4735
1.4322
1.4137
1.3799
1.3729
1.3689
1.3842
1.3886
1.3940
1.3726
1.3471
1.3078
1.2741
1.2413
1.2131
1.1871
1.1686
1.1459
1.1274
1.1091
1.0951
1.0837
1.0898
1.0988
1.1212
1.1422
1.1507
1.1328
1.1078
1.0761
1.0547
1.0356
1.0228
1.0121
1.0046
0.9914
0.9825
0.9763
0.9709
0.9636
0.9621
0.9629
0.9698
0.9807
0.9967
1.0094
1.0222
1.0194
1.0093
0.9959
0.9885
0.9775
0.9709
0.9657
0.9620
0.9584
0.9566
0.9558
0.9546
0.9544
0.9534
0.9528
0.9540
0.9544
0.9550
0.9594
0.9659
0.9704
0.9762
0.9791
0.9773
0.9727
0.9697
0.9687
0.9678
0.9681
0.9676
0.9672
0.9667
0.9665
0.9654
0.9664
0.9669
0.9661
0.9662
0.9671
0.9662
0.9658
0.9666
0.9680
0.9699
0.9735
0.9768
0.9792
0.9808
0.9804
0.9782
0.9768
0.9777
0.9775
0.9778
0.9783
0.9781
0.9779
0.9788
0.9785
0.9787
0.9802
0.9801
0.9797
0.9810
0.9819
0.9816
0.9821
0.9835
0.9841
0.9837
0.9841
0.9849
0.9866
0.9887
0.9907
0.9925
0.9933
0.9918
0.9891
0.9882
0.9883
0.9879
0.9884
0.9886
0.9881
0.9886
0.9889
0.9883
0.9891
0.9901
0.9892
0.9892
0.9901
0.9896
0.9889
0.9896
0.9904
0.9902
0.9903
0.9910
0.9915
0.9916
0.9919
0.9930
0.9950
0.9964
0.9970
0.9974
0.9969
0.9951
0.9936
0.9936
0.9935
0.9937
0.9938
0.9935
0.9933
0.9936
0.9931
0.9929
0.9935
0.9931
0.9928
0.9935
0.9936
0.9931
0.9933
0.9936
0.9937
0.9935
0.9939
0.9945
0.9948
0.9949
0.9952
0.9954
0.9955
0.9958
0.9971
0.9984
0.9991
0.9995
0.9995
0.9986
0.9974
0.9970
0.9967
0.9965
0.9966
0.9966
0.9965
0.9968
0.9970
0.9967
0.9971
0.9972
0.9969
0.9971
0.9975
0.9973
0.9974
0.9976
0.9977
0.9975
0.9976
0.9977
0.9976
0.9975
0.9976
0.9976
0.9976
0.9977
0.9976
0.9976
0.9976
0.9979
0.9983
0.9984
0.9983
0.9980
0.9974
0.9968
0.9965
0.9964
0.9964
0.9963
0.9961
0.9959
0.9959
0.9958
0.9956
0.9959
0.9962
0.9964
0.9969
0.9973
0.9974
0.9974
0.9975
0.9976
0.9978
0.9980
0.9985
0.9989
0.9991
0.9992
0.9994
0.9995
0.9994
0.9993
0.9995
0.9994
0.9994
0.9996
0.9997
0.9999
1.0001
1.0003
1.0002
1.0003
1.0001
1.0000
0.9999
0.9999
0.9999
0.9999
0.9999
0.9999
0.9999
0.9999
0.9998
0.9996
0.9994
0.9993
0.9993
0.9993
0.9993
0.9994
0.9995
0.9995
0.9995
0.9996
0.9996
0.9995
0.9995
0.9995
0.9994
0.9994
0.9994
0.9994
0.9994
0.9994
0.9995
0.9995
0.9994
0.9995
0.9994
0.9992
0.9992
0.9991
0.9988
0.9987
0.9986
0.9986
0.9986
0.9988
0.9988
0.9989
0.9991
0.9991
0.9992
0.9994
0.9995
0.9995
0.9998
1.0000
1.0001
1.0002
1.0004
1.0005
1.0005
1.0006
1.0008
1.0007
1.0007
1.0009
1.0009
1.0010
1.0011
1.0012
1.0012
1.0013
1.0013
1.0013
1.0013
1.0013
1.0013
1.0014
1.0013
1.0013
1.0012
1.0012
1.0012
1.0012
1.0013
1.0013
1.0012
1.0011
1.0012
1.0011
1.0011
1.0012
1.0013
1.0012
1.0013
1.0013
1.0013
1.0013
1.0014
1.0014
1.0015
1.0016
1.0018
1.0018
1.0018
1.0017
1.0017
1.0016
1.0016
1.0016
1.0015
1.0016
1.0016
1.0016
1.0017
1.0019
1.0020
1.0021
1.0019
1.0019
1.0019
1.0018
1.0018
1.0019
1.0019
1.0019
1.0019
1.0019
1.0020
1.0020
1.0019
1.0020
1.0021
1.0020
1.0020
1.0020
1.0020
1.0019
1.0019
1.0019
1.0018
1.0019
1.0019
1.0020
1.0019
1.0018
1.0018
1.0018
1.0017
1.0017
1.0017
1.0017
1.0017
1.0017
1.0016
1.0015
1.0014
1.0014
1.0014
1.0015
1.0016
1.0016
1.0016
1.0016
1.0016
1.0015
1.0016
1.0017
1.0017
1.0018
1.0018
1.0019
1.0018
1.0017
1.0018
1.0019
1.0018
1.0018
1.0019
1.0020
1.0019
1.0020
1.0020
1.0020
1.0019
1.0018
1.0018
1.0018
1.0018
1.0018
1.0019
1.0020
1.0020
1.0021
1.0021
1.0020
1.0020
1.0019
1.0019
1.0019
1.0019
1.0019
1.0018
1.0018
1.0018
1.0018
1.0019
1.0019
1.0019
1.0020
1.0019
1.0019
1.0018
1.0018
1.0016
1.0016
1.0016
1.0015
1.0014
1.0014
1.0013
1.0012
1.0012
1.0011
1.0010
1.0010
1.0010
1.0009
1.0009
1.0010
1.0011
1.0010
1.0011
1.0011
1.0010
1.0011
1.0011
1.0011
1.0012
1.0012
1.0012
1.0012
1.0012
1.0012
1.0013
1.0013
1.0014
1.0014
1.0015
1.0015
1.0015
1.0014
1.0014
1.0013
1.0013
1.0013
1.0014
1.0013
1.0013
1.0013
1.0013
1.0012
1.0012
1.0012
1.0012
1.0012
1.0012
1.0013
1.0012
1.0012
1.0012
1.0011
1.0011
1.0011
1.0011
1.0011
1.0012
1.0012
1.0012
1.0012
1.0012
1.0012
1.0012
1.0012
1.0011
1.0010
1.0010
1.0010
1.0010
1.0010
1.0010
1.0009
1.0008
1.0007
1.0006
1.0005
1.0006
1.0006
1.0006
1.0006
1.0007
1.0006
1.0007
1.0007
1.0007
1.0007
1.0007
1.0007
1.0007
1.0008
1.0008
1.0008
1.0009
1.0009
1.0009
1.0008
1.0008
1.0008
1.0008
1.0007
1.0007
1.0007
1.0007
1.0007
1.0006
1.0007
1.0007
1.0008
1.0008
1.0009
1.0009
1.0009
1.0008
1.0009
1.0008
1.0008
1.0008
1.0008
1.0008
1.0009
1.0009
1.0009
1.0009
1.0008
1.0008
1.0007
1.0007
1.0006
1.0006
1.0006
1.0006
1.0007
1.0007
1.0007
1.0006
1.0006
1.0006
1.0006
1.0007
1.0008
1.0008
1.0008
1.0009
1.0009
1.0008
1.0008
1.0007
1.0007
1.0006
1.0006
1.0006
1.0005
1.0004
1.0004
1.0003
1.0003
1.0003
1.0004
1.0003
1.0004
1.0005
1.0005
1.0005
1.0005
1.0004
1.0004
1.0003
1.0003
1.0003
1.0003
1.0004
1.0004
1.0004
1.0005
1.0005
1.0005
1.0005
1.0005
1.0006
1.0005
1.0005
1.0004
1.0004
1.0004
1.0003
1.0004
1.0004
1.0004
1.0004
1.0004
1.0004
1.0003
1.0002
1.0002
1.0001
1.0000
0.9999
0.9999
0.9999
0.9999
1.0000
1.0001
1.0002
1.0002
1.0003
1.0003
1.0002
1.0003
1.0002
1.0003
1.0002
1.0002
1.0003
1.0002
1.0002
1.0003
1.0002
1.0002
1.0002
1.0002
1.0002
1.0003
1.0004
1.0003
1.0003
1.0003
1.0002
1.0002
1.0003
1.0002
1.0002
1.0002
1.0002
1.0002
1.0002
1.0003
1.0003
1.0003
1.0003
1.0003
1.0003
1.0003
1.0003
1.0003
1.0003
1.0003
1.0002
1.0002
1.0002
1.0002
1.0003
1.0004
1.0004
1.0005
1.0005
1.0005
1.0005
1.0004
1.0003
1.0003
1.0003
1.0002
1.0002
1.0003
1.0003
1.0003
1.0004
1.0004
1.0004
1.0004
1.0004
1.0004
1.0003
1.0003
1.0003
1.0003
1.0003
1.0004
1.0004
1.0004
1.0005
1.0005
1.0005
1.0005
1.0005
1.0005
1.0005
1.0005
1.0004
1.0004
1.0005
1.0004
1.0004
1.0004
1.0004
1.0003
1.0003
1.0003
1.0004
1.0004
1.0003
1.0003
1.0003
1.0003
1.0004
1.0004
1.0005
1.0005
1.0005
1.0004
1.0005
1.0004
1.0004
1.0004
1.0004
1.0003
1.0002
1.0002
1.0002
1.0002
1.0003
1.0003
1.0003
1.0003
1.0003
1.0003
1.0004
1.0004
1.0003
1.0003
1.0003
1.0004
1.0004
1.0005
1.0005
1.0004
1.0004
1.0004
1.0004
1.0004
1.0005
1.0004
1.0005
1.0005
1.0004
1.0004
1.0004
1.0004
1.0003
1.0004
1.0004
1.0004
1.0004
1.0004
1.0004
1.0004
1.0004
1.0004
1.0004
1.0005
1.0005
1.0005
1.0005
1.0005
1.0005
1.0005
1.0005
1.0005
1.0005
1.0004
1.0004
1.0004
1.0005
1.0005
1.0005
1.0005
1.0005
1.0004
1.0003
1.0003
1.0003
1.0003
1.0003
1.0004
1.0005
1.0006
1.0006
1.0006
1.0006
1.0004
1.0004
1.0003
1.0003
1.0003
1.0004
1.0004
1.0005
1.0005
1.0005
1.0004
1.0004
1.0004
1.0004
1.0004
1.0004
1.0004
1.0003
1.0003
1.0003
1.0003
1.0003
1.0003
1.0003
1.0003
1.0003
1.0002
1.0003
1.0003
1.0003
1.0004
1.0004
1.0004
1.0004
1.0003
1.0003
1.0003
1.0003
1.0003
1.0003
1.0003
1.0004
1.0004
1.0005
1.0005
1.0005
1.0005
1.0005
1.0005
1.0005
1.0005
1.0005
1.0004
1.0004
1.0003
1.0002
1.0002
1.0002
1.0002
1.0003
1.0004
1.0005
1.0006
1.0006
1.0006
1.0005
1.0005
1.0003
1.0002
1.0002
1.0002
1.0002
1.0002
1.0002
1.0003
1.0004
1.0004
1.0005
1.0006
1.0006
1.0005
1.0005
1.0005
1.0005
1.0005
1.0004
1.0004
1.0003
1.0003
1.0002
1.0002
1.0002
1.0002
1.0003
1.0004
1.0004
1.0004
1.0004
1.0003
1.0003
1.0003
1.0003
1.0003
1.0003
1.0003
1.0004
1.0004
1.0005
1.0005
1.0005
1.0005
1.0004
1.0003
1.0003
1.0003
1.0002
1.0002
1.0002
1.0002
1.0002
1.0003
1.0003
1.0004
1.0004
1.0003
1.0003
1.0003
1.0003
1.0003
1.0003
1.0003
1.0003
1.0003
1.0003
1.0002
1.0002
1.0002
1.0002
1.0003
1.0003
1.0004
1.0003
1.0003
1.0003
1.0003
1.0003
1.0003
1.0003
1.0003
1.0003
1.0003
1.0003
1.0003
1.0003
1.0003
1.0003
1.0003
1.0004
1.0004
1.0004
1.0004
1.0003
1.0003
1.0002
1.0002
1.0003
1.0003
1.0004
1.0004
1.0004
1.0003
1.0003
1.0003
1.0003
1.0003
1.0003
1.0004
1.0004
1.0004
1.0004
1.0004
1.0004
1.0004
1.0005
1.0005
1.0005
1.0005
1.0005
1.0004
1.0004
1.0003
1.0003
1.0003
1.0003
1.0003
1.0004
1.0003
1.0003
1.0004
1.0004
1.0004
1.0004
1.0004
1.0004
1.0004
1.0004
1.0004
1.0004
1.0004
1.0004
1.0004
1.0004
1.0005
1.0005
1.0005
1.0005
1.0005
1.0006
1.0005
1.0005
1.0005
1.0005
1.0005
1.0005
1.0005
1.0005
1.0004
1.0005
1.0005
1.0006
1.0006
1.0006
1.0006
1.0005
1.0006
1.0005
1.0005
1.0004
1.0004
1.0004
1.0004
1.0004
1.0004
1.0004
1.0004
1.0004
1.0005
1.0005
1.0005
1.0005
1.0005
1.0006
1.0006
1.0006
1.0006
1.0006
1.0006
1.0006
1.0006
1.0006
1.0006
1.0006
1.0006
1.0006
1.0006
1.0006
1.0006
1.0006
1.0006
1.0006
1.0006
1.0006
1.0006
1.0005
1.0005
1.0005
1.0005
1.0005
1.0006
1.0007
1.0007
1.0007
1.0007
1.0007
1.0007
1.0007
1.0007
1.0007
1.0007
1.0007
1.0006
1.0006
1.0007
1.0007
1.0007
1.0007
1.0007
1.0006
1.0007
1.0007
1.0007
1.0007
1.0008
1.0008
1.0009
1.0009
1.0009
1.0009
1.0008
1.0007
1.0007
1.0007
1.0008
1.0008
1.0008
1.0008
1.0008
1.0007
1.0007
1.0007
1.0007
1.0006
1.0007
1.0007
1.0007
1.0008
1.0009
1.0008
1.0009
1.0008
1.0008
1.0008
1.0008
1.0008
1.0009
1.0008
1.0009
1.0008
1.0008
1.0008
1.0008
1.0009
1.0008
1.0009
1.0009
1.0009
1.0009
1.0009
1.0010
1.0009
1.0010
1.0009
1.0009
1.0009
1.0008
1.0008
1.0008
1.0008
1.0008
1.0010
1.0010
1.0010
1.0011
1.0010
1.0010
1.0009
1.0010
1.0009
1.0009
1.0010
1.0009
1.0010
1.0010
1.0010
1.0010
1.0010
1.0010
1.0009
1.0009
1.0009
1.0010
1.0009
1.0009
1.0009
1.0009
1.0009
1.0008
1.0009
1.0009
1.0009
1.0010
1.0011
1.0011
1.0012
1.0012
1.0012
1.0011
1.0010
1.0010
1.0010
1.0010
1.0011
1.0011
1.0011
1.0011
1.0011
1.0011
1.0010
1.0010
1.0010
1.0010
1.0009
1.0010
1.0010
1.0010
1.0010
1.0010
1.0010
1.0010
1.0009
1.0010
1.0009
1.0010
1.0009
1.0009
1.0008
1.0009
1.0008
1.0008
1.0009
1.0009
1.0009
1.0010
1.0010
1.0010
1.0010
1.0010
1.0010
1.0011
1.0011
1.0010
1.0010
1.0010
1.0010
1.0011
1.0011
1.0012
1.0012
1.0011
1.0011
1.0011
1.0011
1.0011
1.0011
1.0011
1.0012
1.0012
1.0012
1.0012
1.0012
1.0011
1.0011
1.0011
1.0011
1.0011
1.0011
1.0011
1.0012
1.0012
1.0012
1.0012
1.0012
1.0011
1.0012
1.0012
1.0012
1.0011
1.0011
1.0010
1.0010
1.0010
1.0010
1.0011
1.0011
1.0012
1.0012
1.0011
1.0011
1.0011
1.0010
1.0010
1.0011
1.0010
1.0011
1.0012
1.0012
1.0011
1.0011
1.0010
1.0010
1.0010
1.0010
1.0011
1.0011
1.0010
1.0011
1.0012
1.0012
1.0013
1.0013
1.0013
1.0013
1.0013
1.0013
1.0011
1.0011
1.0011
1.0011
1.0011
1.0012
1.0012
1.0012
1.0012
1.0012
1.0011
1.0012
1.0012
1.0012
1.0012
1.0012
1.0012
1.0012
1.0011
1.0011
1.0011
1.0011
1.0011
1.0011
1.0013
1.0013
1.0013
1.0013
1.0012
1.0010
1.0009
1.0009
1.0009
1.0010
1.0010
1.0012
1.0012
1.0012
1.0012
1.0012
1.0012
1.0011
1.0012
1.0011
1.0012
1.0011
1.0012
1.0013
1.0013
1.0013
1.0014
1.0014
1.0013
1.0014
1.0013
1.0012
1.0012
1.0012
1.0011
1.0011
1.0011
1.0012
1.0012
1.0012
1.0012
1.0011
1.0012
1.0011
1.0010
1.0010
1.0010
1.0010
1.0011
1.0012
1.0010
1.0010
1.0011
1.0011
1.0013
1.0014
1.0015
1.0014
1.0013
1.0012
1.0012
1.0012
1.0012
1.0013
1.0014
1.0013
1.0014
1.0014
1.0013
1.0012
1.0013
1.0013
1.0015
1.0015
1.0016
1.0015
1.0014
1.0013
1.0012
1.0012
1.0013
1.0013
1.0013
1.0012
1.0013
1.0013
1.0013
1.0015
1.0016
1.0015
1.0015
1.0015
1.0013
1.0013
1.0014
1.0014
1.0015
1.0014
1.0015
1.0016
1.0015
1.0015
1.0014
1.0013
1.0013
1.0013
1.0014
1.0014
1.0015
1.0014
1.0014
1.0014
1.0014
1.0014
1.0014
1.0014
1.0013
1.0014
1.0013
1.0013
1.0014
1.0015
1.0015
1.0017
1.0017
1.0016
1.0016
1.0016
1.0014
1.0015
1.0014
1.0015
1.0014
1.0015
1.0014
1.0015
1.0014
1.0015
1.0014
1.0015
1.0013
1.0014
1.0014
1.0014
1.0015
1.0017
1.0016
1.0016
1.0016
1.0015
1.0015
1.0015
1.0016
1.0016
1.0015
1.0016
1.0016
1.0015
1.0016
1.0017
1.0017
1.0017
1.0017
1.0016
1.0016
1.0016
1.0016
1.0016
1.0016
1.0017
1.0016
1.0016
1.0015
1.0015
1.0014
1.0014
1.0015
1.0016
1.0015
1.0015
1.0015
1.0014
1.0013
1.0013
1.0014
1.0015
1.0016
1.0017
1.0018
1.0018
1.0018
1.0018
1.0018
1.0016
1.0015
1.0014
1.0014
1.0014
1.0015
1.0017
1.0017
1.0018
1.0018
1.0018
1.0017
1.0017
1.0017
1.0016
1.0016
1.0016
1.0016
1.0016
1.0017
1.0017
1.0017
1.0017
1.0018
1.0017
1.0017
1.0017
1.0017
1.0017
1.0017
1.0017
1.0018
1.0018
1.0017
1.0017
1.0017
1.0017
1.0016
1.0018
1.0019
1.0019
1.0019
1.0020
1.0019
1.0018
1.0019
1.0019
1.0019
1.0019
1.0019
1.0018
1.0019
1.0018
1.0019
1.0019
1.0019
1.0018
1.0020
1.0020
1.0020
1.0022
1.0021
1.0021
1.0020
1.0019
1.0019
1.0020
1.0018
1.0018
1.0019
1.0018
1.0018
1.0019
1.0020
1.0023
1.0024
1.0024
1.0026
1.0024
1.0021
1.0019
1.0019
1.0018
1.0019
1.0020
1.0020
1.0020
1.0022
1.0020
1.0019
1.0017
1.0014
1.0013
1.0014
1.0016
1.0018
1.0021
1.0023
1.0022
1.0021
1.0022
1.0022
1.0021
1.0023
1.0023
1.0022
1.0022
1.0022
1.0022
1.0023
1.0023
1.0022
1.0023
1.0022
1.0022
1.0022
1.0022
1.0022
1.0022
1.0021
1.0020
1.0020
1.0019
1.0020
1.0021
1.0021
1.0022
1.0023
1.0021
1.0020
1.0021
1.0025
1.0026
1.0027
1.0027
1.0027
1.0023
1.0022
1.0022
1.0022
1.0023
1.0023
1.0023
1.0025
1.0025
1.0024
1.0025
1.0025
1.0024
1.0025
1.0023
1.0021
1.0021
1.0022
1.0021
1.0023
1.0024
1.0025
1.0024
1.0025
1.0024
1.0023
1.0023
1.0024
1.0024
1.0025
1.0027
1.0026
1.0024
1.0023
1.0023
1.0022
1.0023
1.0024
1.0024
1.0024
1.0024
1.0024
1.0024
1.0025
1.0024
1.0024
1.0024
1.0025
1.0024
1.0026
1.0025
1.0025
1.0023
1.0023
1.0022
1.0022
1.0022
1.0022
1.0022
1.0021
1.0019
1.0020
1.0021
1.0022
1.0022
1.0023
1.0022
1.0023
1.0023
1.0023
1.0023
1.0025
1.0024
1.0024
1.0024
1.0024
1.0023
1.0022
1.0022
1.0023
1.0023
1.0022
1.0021
1.0019
1.0017
1.0015
1.0015
1.0015
1.0015
1.0016
1.0017
1.0018
1.0021
1.0022
1.0021
1.0026
1.0039
1.0040
1.0055
1.0124
1.0460
1.0217
1.0265
