1.0039
1.0108
1.0093
0.8135
1.2756
1.1870
1.1534
1.1465
1.1449
1.1482
1.1496
1.1505
1.1499
1.1467
1.1440
1.1469
1.1443
1.1468
1.1504
1.1510
1.1455
1.1444
1.1439
1.1446
1.1421
1.1460
1.1459
1.1437
1.1400
1.1454
1.1420
1.1476
1.1486
1.1517
1.1374
1.1377
1.1329
1.1317
1.1297
1.1346
1.1339
1.1366
1.1374
1.1370
1.1414
1.1418
1.1360
1.1360
1.1358
1.1301
1.1315
1.1313
1.1275
1.1260
1.1291
1.1263
1.1274
1.1287
1.1272
1.1270
1.1264
1.1270
1.1302
1.1318
1.1307
1.1331
1.1331
1.1328
1.1334
1.1337
1.1309
1.1274
1.1256
1.1240
1.1224
1.1245
1.1269
1.1246
1.1267
1.1242
1.1234
1.1217
1.1245
1.1237
1.1237
1.1230
1.1241
1.1228
1.1215
1.1253
1.1246
1.1227
1.1225
1.1241
1.1239
1.1252
1.1275
1.1251
1.1262
1.1247
1.1234
1.1218
1.1249
1.1203
1.1198
1.1214
1.1233
1.1200
1.1228
1.1200
1.1179
1.1163
1.1167
1.1174
1.1178
1.1154
1.1159
1.1152
1.1130
1.1155
1.1172
1.1146
1.1144
1.1134
1.1141
1.1135
1.1142
1.1134
1.1144
1.1109
1.1103
1.1106
1.1117
1.1131
1.1156
1.1161
1.1151
1.1154
1.1136
1.1126
1.1128
1.1130
1.1118
1.1137
1.1140
1.1141
1.1141
1.1153
1.1131
1.1133
1.1117
1.1130
1.1137
1.1156
1.1154
1.1187
1.1194
1.1175
1.1181
1.1189
1.1157
1.1170
1.1207
1.1198
1.1207
1.1231
1.1227
1.1219
1.1173
1.1186
1.1188
1.1180
1.1193
1.1256
1.1208
1.1229
1.1221
1.1190
1.1188
1.1198
1.1174
1.1177
1.1187
1.1163
1.1181
1.1210
1.1211
1.1208
1.1246
1.1242
1.1230
1.1225
1.1201
1.1181
1.1165
1.1146
1.1165
1.1181
1.1172
1.1183
1.1203
1.1187
1.1146
1.1151
1.1163
1.1170
1.1170
1.1204
1.1235
1.1186
1.1175
1.1160
1.1164
1.1133
1.1125
1.1100
1.1108
1.1112
1.1094
1.1107
1.1138
1.1137
1.1135
1.1126
1.1134
1.1104
1.1113
1.1114
1.1147
1.1148
1.1159
1.1151
1.1141
1.1125
1.1111
1.1104
1.1097
1.1092
1.1074
1.1093
1.1087
1.1068
1.1062
1.1074
1.1057
1.1063
1.1064
1.1049
1.1036
1.1025
1.1011
1.0999
1.1000
1.0990
1.0977
1.0971
1.0963
1.0960
1.0953
1.0941
1.0948
1.0935
1.0917
1.0916
1.0919
1.0877
1.0866
1.0860
1.0852
1.0833
1.0847
1.0850
1.0838
1.0811
1.0796
1.0751
1.0712
1.0677
1.0650
1.0625
1.0611
1.0581
1.0548
1.0515
1.0484
1.0433
1.0385
1.0368
1.0374
1.0383
1.0419
1.0419
1.0380
1.0323
1.0232
1.0156
1.0039
0.9922
0.9756
0.9570
0.9195
0.8874
0.8486
0.8218
0.7878
0.7738
0.7521
0.7271
0.6965
0.6798
0.6636
0.6546
0.6630
0.6851
0.7145
0.7395
0.7655
0.7792
0.7623
0.7299
0.7003
0.6579
0.6134
0.5764
0.5333
0.4763
0.4354
0.3985
0.3735
0.3403
0.3183
0.3024
0.2841
0.2712
0.2742
0.2668
0.2577
0.2578
0.2480
0.2437
0.2443
0.2609
0.2777
0.3133
0.3727
0.4130
0.4263
0.4099
0.3836
0.3342
0.3017
0.2744
0.2593
0.2378
0.2206
0.2164
0.2211
0.2144
0.2103
0.2076
0.2028
0.1999
0.2057
0.2088
0.2167
0.2270
0.2319
0.2384
0.2478
0.2545
0.2568
0.2592
0.2573
0.2552
0.2490
0.2462
0.2374
0.2293
0.2212
0.2150
0.2078
0.2067
0.2113
0.2130
0.2211
0.2333
0.2480
0.2641
0.2880
0.3060
0.3212
0.3367
0.3499
0.3612
0.3780
0.3983
0.4178
0.4353
0.4511
0.4650
0.4761
0.4834
0.4902
0.4967
0.4970
0.4885
0.4686
0.4375
0.3910
0.3356
0.2861
0.2565
0.2500
0.2641
0.2882
0.3118
0.3389
0.3634
0.3866
0.4092
0.4315
0.4551
0.4803
0.5045
0.5270
0.5510
0.5720
0.5898
0.6067
0.6250
0.6396
0.6516
0.6655
0.6802
0.6914
0.6991
0.7071
0.7145
0.7178
0.7143
0.7032
0.6811
0.6460
0.5975
0.5387
0.4768
0.4223
0.3861
0.3793
0.3993
0.4337
0.4688
0.5003
0.5297
0.5554
0.5800
0.6040
0.6263
0.6480
0.6700
0.6886
0.7069
0.7255
0.7399
0.7526
0.7677
0.7802
0.7888
0.7982
0.8095
0.8178
0.8225
0.8254
0.8268
0.8226
0.8131
0.8026
0.7946
0.7889
0.7851
0.7802
0.7681
0.7403
0.6917
0.6248
0.5536
0.4958
0.4643
0.4652
0.4923
0.5317
0.5683
0.6028
0.6335
0.6606
0.6860
0.7096
0.7313
0.7537
0.7736
0.7899
0.8079
0.8240
0.8350
0.8475
0.8614
0.8713
0.8781
0.8861
0.8922
0.8927
0.8891
0.8848
0.8813
0.8793
0.8801
0.8856
0.8941
0.9025
0.9093
0.9154
0.9199
0.9213
0.9173
0.9047
0.8803
0.8443
0.8031
0.7665
0.7428
0.7369
0.7475
0.7684
0.7903
0.8104
0.8289
0.8455
0.8612
0.8751
0.8869
0.8979
0.9087
0.9169
0.9255
0.9342
0.9403
0.9451
0.9509
0.9542
0.9543
0.9528
0.9508
0.9481
0.9458
0.9461
0.9494
0.9539
0.9585
0.9629
0.9670
0.9706
0.9735
0.9760
0.9783
0.9800
0.9813
0.9822
0.9823
0.9813
0.9780
0.9701
0.9574
0.9423
0.9282
0.9184
0.9148
0.9176
0.9252
0.9336
0.9413
0.9483
0.9545
0.9598
0.9647
0.9690
0.9729
0.9767
0.9798
0.9826
0.9854
0.9873
0.9881
0.9883
0.9878
0.9864
0.9852
0.9853
0.9863
0.9880
0.9902
0.9927
0.9948
0.9965
0.9980
0.9995
1.0008
1.0018
1.0028
1.0038
1.0045
1.0052
1.0059
1.0064
1.0069
1.0075
1.0078
1.0078
1.0074
1.0062
1.0039
1.0007
0.9975
0.9949
0.9934
0.9935
0.9949
0.9969
0.9988
1.0003
1.0017
1.0029
1.0039
1.0047
1.0054
1.0057
1.0058
1.0056
1.0052
1.0044
1.0033
1.0026
1.0021
1.0020
1.0023
1.0030
1.0038
1.0047
1.0057
1.0066
1.0076
1.0085
1.0093
1.0101
1.0108
1.0114
1.0121
1.0127
1.0132
1.0137
1.0141
1.0145
1.0148
1.0153
1.0156
1.0159
1.0161
1.0162
1.0163
1.0165
1.0166
1.0167
1.0168
1.0168
1.0167
1.0166
1.0167
1.0167
1.0168
1.0169
1.0171
1.0174
1.0176
1.0179
1.0180
1.0182
1.0183
1.0183
1.0181
1.0179
1.0178
1.0179
1.0179
1.0180
1.0183
1.0183
1.0184
1.0185
1.0187
1.0188
1.0188
1.0187
1.0185
1.0183
1.0179
1.0175
1.0173
1.0167
1.0162
1.0159
1.0155
1.0152
1.0152
1.0151
1.0152
1.0154
1.0156
1.0159
1.0162
1.0164
1.0166
1.0170
1.0172
1.0176
1.0181
1.0185
1.0189
1.0192
1.0194
1.0196
1.0197
1.0199
1.0200
1.0201
1.0202
1.0202
1.0202
1.0204
1.0205
1.0206
1.0208
1.0208
1.0207
1.0207
1.0208
1.0209
1.0211
1.0212
1.0212
1.0211
1.0210
1.0210
1.0209
1.0209
1.0210
1.0211
1.0210
1.0209
1.0210
1.0209
1.0208
1.0208
1.0210
1.0208
1.0208
1.0207
1.0207
1.0206
1.0207
1.0207
1.0208
1.0207
1.0207
1.0206
1.0204
1.0201
1.0199
1.0194
1.0189
1.0185
1.0180
1.0177
1.0176
1.0177
1.0177
1.0177
1.0178
1.0176
1.0175
1.0175
1.0176
1.0175
1.0177
1.0178
1.0180
1.0182
1.0183
1.0184
1.0186
1.0186
1.0188
1.0188
1.0187
1.0189
1.0188
1.0187
1.0188
1.0189
1.0189
1.0189
1.0190
1.0189
1.0189
1.0187
1.0187
1.0187
1.0187
1.0186
1.0185
1.0184
1.0181
1.0180
1.0178
1.0177
1.0176
1.0177
1.0177
1.0175
1.0176
1.0173
1.0172
1.0170
1.0170
1.0170
1.0170
1.0169
1.0168
1.0166
1.0164
1.0163
1.0162
1.0161
1.0161
1.0160
1.0158
1.0157
1.0157
1.0156
1.0154
1.0152
1.0150
1.0146
1.0143
1.0140
1.0137
1.0135
1.0135
1.0135
1.0132
1.0132
1.0130
1.0128
1.0125
1.0126
1.0124
1.0122
1.0122
1.0121
1.0121
1.0120
1.0120
1.0119
1.0117
1.0116
1.0116
1.0114
1.0112
1.0112
1.0110
1.0108
1.0107
1.0106
1.0104
1.0104
1.0102
1.0099
1.0099
1.0097
1.0095
1.0093
1.0092
1.0090
1.0089
1.0086
1.0085
1.0082
1.0080
1.0078
1.0075
1.0073
1.0072
1.0069
1.0066
1.0063
1.0062
1.0061
1.0061
1.0061
1.0061
1.0059
1.0057
1.0055
1.0053
1.0051
1.0050
1.0048
1.0048
1.0047
1.0046
1.0044
1.0043
1.0040
1.0039
1.0036
1.0035
1.0033
1.0032
1.0032
1.0031
1.0029
1.0027
1.0025
1.0023
1.0020
1.0020
1.0019
1.0017
1.0014
1.0013
1.0010
1.0007
1.0006
1.0005
1.0004
1.0003
1.0002
0.9999
0.9998
0.9997
0.9996
0.9994
0.9993
0.9991
0.9988
0.9986
0.9984
0.9982
0.9982
0.9981
0.9981
0.9979
0.9978
0.9976
0.9974
0.9972
0.9970
0.9967
0.9966
0.9964
0.9965
0.9964
0.9964
0.9962
0.9960
0.9958
0.9958
0.9955
0.9955
0.9954
0.9952
0.9949
0.9948
0.9947
0.9945
0.9943
0.9940
0.9939
0.9939
0.9937
0.9937
0.9938
0.9937
0.9935
0.9933
0.9932
0.9929
0.9927
0.9926
0.9925
0.9923
0.9923
0.9921
0.9919
0.9919
0.9916
0.9914
0.9913
0.9912
0.9912
0.9912
0.9909
0.9906
0.9904
0.9900
0.9898
0.9898
0.9898
0.9898
0.9898
0.9897
0.9896
0.9894
0.9894
0.9892
0.9890
0.9889
0.9889
0.9887
0.9886
0.9884
0.9883
0.9881
0.9879
0.9877
0.9876
0.9875
0.9874
0.9877
0.9875
0.9874
0.9874
0.9873
0.9870
0.9870
0.9869
0.9867
0.9865
0.9863
0.9862
0.9861
0.9860
0.9859
0.9860
0.9860
0.9860
0.9859
0.9858
0.9857
0.9855
0.9855
0.9854
0.9853
0.9852
0.9850
0.9848
0.9848
0.9848
0.9847
0.9846
0.9845
0.9845
0.9843
0.9843
0.9844
0.9843
0.9844
0.9843
0.9845
0.9845
0.9844
0.9842
0.9842
0.9841
0.9840
0.9842
0.9842
0.9840
0.9840
0.9840
0.9838
0.9837
0.9837
0.9836
0.9835
0.9834
0.9834
0.9834
0.9834
0.9834
0.9834
0.9834
0.9833
0.9833
0.9834
0.9835
0.9834
0.9836
0.9835
0.9833
0.9834
0.9832
0.9832
0.9833
0.9832
0.9831
0.9833
0.9832
0.9831
0.9831
0.9830
0.9830
0.9830
0.9831
0.9833
0.9834
0.9832
0.9833
0.9833
0.9831
0.9832
0.9833
0.9832
0.9833
0.9835
0.9835
0.9835
0.9835
0.9835
0.9834
0.9833
0.9832
0.9832
0.9832
0.9833
0.9834
0.9834
0.9835
0.9835
0.9834
0.9836
0.9835
0.9834
0.9835
0.9837
0.9836
0.9837
0.9837
0.9836
0.9837
0.9839
0.9839
0.9839
0.9839
0.9837
0.9836
0.9836
0.9835
0.9835
0.9836
0.9836
0.9837
0.9838
0.9838
0.9839
0.9839
0.9839
0.9840
0.9841
0.9842
0.9843
0.9842
0.9841
0.9843
0.9842
0.9843
0.9843
0.9843
0.9841
0.9841
0.9842
0.9843
0.9843
0.9844
0.9845
0.9845
0.9845
0.9845
0.9845
0.9846
0.9846
0.9846
0.9847
0.9848
0.9848
0.9849
0.9850
0.9851
0.9853
0.9854
0.9855
0.9856
0.9857
0.9856
0.9856
0.9856
0.9855
0.9855
0.9856
0.9856
0.9857
0.9859
0.9859
0.9860
0.9861
0.9860
0.9861
0.9862
0.9863
0.9863
0.9864
0.9864
0.9863
0.9863
0.9864
0.9864
0.9865
0.9866
0.9868
0.9868
0.9868
0.9869
0.9868
0.9868
0.9869
0.9870
0.9871
0.9872
0.9871
0.9872
0.9873
0.9873
0.9875
0.9876
0.9877
0.9878
0.9878
0.9880
0.9880
0.9880
0.9880
0.9879
0.9878
0.9879
0.9880
0.9882
0.9884
0.9885
0.9886
0.9887
0.9889
0.9889
0.9889
0.9891
0.9891
0.9891
0.9892
0.9892
0.9892
0.9892
0.9892
0.9892
0.9893
0.9894
0.9895
0.9897
0.9898
0.9899
0.9900
0.9900
0.9901
0.9902
0.9903
0.9904
0.9905
0.9906
0.9906
0.9906
0.9908
0.9908
0.9909
0.9911
0.9912
0.9912
0.9914
0.9914
0.9914
0.9915
0.9916
0.9917
0.9918
0.9919
0.9918
0.9920
0.9920
0.9921
0.9921
0.9923
0.9922
0.9923
0.9923
0.9925
0.9926
0.9927
0.9929
0.9930
0.9930
0.9931
0.9932
0.9932
0.9933
0.9934
0.9934
0.9935
0.9936
0.9937
0.9936
0.9937
0.9938
0.9939
0.9940
0.9941
0.9942
0.9943
0.9944
0.9944
0.9945
0.9946
0.9947
0.9948
0.9949
0.9951
0.9951
0.9952
0.9953
0.9953
0.9954
0.9955
0.9957
0.9957
0.9958
0.9959
0.9960
0.9960
0.9960
0.9961
0.9962
0.9963
0.9964
0.9966
0.9967
0.9967
0.9967
0.9968
0.9969
0.9970
0.9972
0.9973
0.9974
0.9975
0.9976
0.9977
0.9977
0.9978
0.9979
0.9980
0.9981
0.9982
0.9983
0.9984
0.9984
0.9984
0.9986
0.9986
0.9987
0.9989
0.9990
0.9991
0.9992
0.9994
0.9995
0.9996
0.9997
0.9996
0.9998
0.9998
0.9999
0.9999
1.0001
1.0001
1.0001
1.0001
1.0001
1.0002
1.0003
1.0004
1.0005
1.0006
1.0007
1.0007
1.0009
1.0010
1.0011
1.0012
1.0013
1.0014
1.0014
1.0015
1.0016
1.0017
1.0018
1.0019
1.0020
1.0020
1.0021
1.0022
1.0023
1.0024
1.0025
1.0026
1.0027
1.0027
1.0028
1.0029
1.0030
1.0031
1.0032
1.0033
1.0033
1.0033
1.0032
1.0033
1.0032
1.0032
1.0034
1.0035
1.0036
1.0037
1.0039
1.0039
1.0041
1.0042
1.0043
1.0044
1.0045
1.0046
1.0047
1.0049
1.0050
1.0050
1.0052
1.0053
1.0054
1.0055
1.0057
1.0056
1.0055
1.0054
1.0052
1.0051
1.0051
1.0052
1.0051
1.0053
1.0052
1.0054
1.0056
1.0059
1.0060
1.0063
1.0064
1.0066
1.0066
1.0067
1.0068
1.0069
1.0070
1.0071
1.0072
1.0073
1.0073
1.0073
1.0075
1.0075
1.0076
1.0077
1.0078
1.0079
1.0079
1.0080
1.0080
1.0080
1.0081
1.0082
1.0082
1.0082
1.0081
1.0080
1.0079
1.0078
1.0077
1.0078
1.0079
1.0079
1.0080
1.0081
1.0083
1.0084
1.0085
1.0086
1.0087
1.0088
1.0089
1.0090
1.0091
1.0092
1.0092
1.0093
1.0094
1.0094
1.0095
1.0096
1.0097
1.0097
1.0099
1.0099
1.0100
1.0100
1.0102
1.0103
1.0103
1.0104
1.0104
1.0103
1.0105
1.0105
1.0107
1.0107
1.0108
1.0109
1.0109
1.0110
1.0111
1.0111
1.0112
1.0113
1.0113
1.0113
1.0111
1.0110
1.0107
1.0106
1.0106
1.0108
1.0108
1.0110
1.0112
1.0114
1.0114
1.0115
1.0116
1.0116
1.0117
1.0117
1.0118
1.0119
1.0120
1.0121
1.0123
1.0124
1.0124
1.0125
1.0126
1.0127
1.0127
1.0127
1.0128
1.0128
1.0129
1.0130
1.0131
1.0131
1.0132
1.0132
1.0132
1.0132
1.0133
1.0134
1.0134
1.0133
1.0134
1.0134
1.0135
1.0136
1.0136
1.0137
1.0138
1.0139
1.0139
1.0139
1.0139
1.0140
1.0140
1.0140
1.0141
1.0142
1.0142
1.0142
1.0142
1.0141
1.0139
1.0138
1.0138
1.0138
1.0139
1.0139
1.0139
1.0140
1.0142
1.0143
1.0144
1.0146
1.0146
1.0146
1.0146
1.0147
1.0148
1.0149
1.0150
1.0152
1.0152
1.0153
1.0153
1.0153
1.0154
1.0154
1.0156
1.0156
1.0157
1.0157
1.0157
1.0158
1.0159
1.0160
1.0162
1.0162
1.0163
1.0164
1.0165
1.0165
1.0166
1.0165
1.0165
1.0165
1.0165
1.0165
1.0166
1.0166
1.0166
1.0166
1.0167
1.0167
1.0166
1.0166
1.0167
1.0167
1.0166
1.0166
1.0166
1.0166
1.0167
1.0168
1.0170
1.0169
1.0171
1.0171
1.0171
1.0170
1.0170
1.0170
1.0170
1.0170
1.0170
1.0169
1.0169
1.0169
1.0169
1.0169
1.0169
1.0170
1.0172
1.0172
1.0174
1.0176
1.0176
1.0175
1.0176
1.0176
1.0177
1.0177
1.0177
1.0177
1.0178
1.0179
1.0181
1.0182
1.0183
1.0184
1.0185
1.0184
1.0185
1.0185
1.0186
1.0186
1.0188
1.0187
1.0188
1.0188
1.0189
1.0188
1.0189
1.0188
1.0188
1.0189
1.0190
1.0190
1.0191
1.0191
1.0191
1.0191
1.0191
1.0190
1.0190
1.0190
1.0190
1.0191
1.0191
1.0191
1.0190
1.0191
1.0191
1.0193
1.0193
1.0194
1.0194
1.0195
1.0194
1.0195
1.0195
1.0194
1.0193
1.0192
1.0192
1.0193
1.0193
1.0194
1.0195
1.0195
1.0195
1.0195
1.0193
1.0193
1.0193
1.0192
1.0192
1.0192
1.0192
1.0192
1.0193
1.0194
1.0195
1.0194
1.0194
1.0195
1.0195
1.0195
1.0196
1.0197
1.0197
1.0198
1.0199
1.0200
1.0199
1.0200
1.0201
1.0201
1.0202
1.0203
1.0204
1.0204
1.0204
1.0203
1.0202
1.0201
1.0201
1.0201
1.0201
1.0203
1.0203
1.0203
1.0203
1.0204
1.0204
1.0203
1.0204
1.0205
1.0206
1.0207
1.0208
1.0208
1.0208
1.0207
1.0206
1.0207
1.0206
1.0207
1.0207
1.0207
1.0206
1.0206
1.0206
1.0206
1.0206
1.0206
1.0207
1.0207
1.0208
1.0210
1.0210
1.0210
1.0210
1.0210
1.0210
1.0210
1.0210
1.0210
1.0210
1.0210
1.0210
1.0210
1.0211
1.0211
1.0212
1.0211
1.0211
1.0210
1.0210
1.0209
1.0210
1.0212
1.0212
1.0212
1.0212
1.0213
1.0213
1.0212
1.0212
1.0210
1.0209
1.0210
1.0210
1.0211
1.0212
1.0212
1.0212
1.0212
1.0212
1.0212
1.0212
1.0213
1.0213
1.0213
1.0212
1.0212
1.0213
1.0213
1.0214
1.0215
1.0215
1.0214
1.0214
1.0213
1.0212
1.0213
1.0213
1.0215
1.0215
1.0216
1.0216
1.0217
1.0215
1.0215
1.0214
1.0213
1.0213
1.0213
1.0213
1.0214
1.0214
1.0214
1.0215
1.0216
1.0216
1.0216
1.0215
1.0214
1.0214
1.0215
1.0216
1.0216
1.0217
1.0217
1.0216
1.0215
1.0214
1.0215
1.0214
1.0214
1.0214
1.0214
1.0214
1.0215
1.0215
1.0215
1.0215
1.0215
1.0215
1.0215
1.0214
1.0213
1.0212
1.0210
1.0210
1.0210
1.0211
1.0212
1.0213
1.0213
1.0213
1.0211
1.0210
1.0210
1.0210
1.0210
1.0211
1.0211
1.0212
1.0210
1.0210
1.0210
1.0210
1.0209
1.0209
1.0209
1.0208
1.0208
1.0208
1.0208
1.0208
1.0208
1.0208
1.0207
1.0207
1.0207
1.0208
1.0210
1.0211
1.0211
1.0210
1.0210
1.0209
1.0208
1.0207
1.0209
1.0209
1.0208
1.0208
1.0210
1.0208
1.0208
1.0209
1.0209
1.0207
1.0207
1.0208
1.0208
1.0206
1.0207
1.0208
1.0208
1.0208
1.0209
1.0209
1.0208
1.0208
1.0207
1.0206
1.0205
1.0204
1.0203
1.0202
1.0201
1.0201
1.0201
1.0201
1.0201
1.0201
1.0200
1.0202
1.0201
1.0201
1.0199
1.0199
1.0198
1.0199
1.0199
1.0200
1.0200
1.0200
1.0198
1.0198
1.0198
1.0198
1.0198
1.0201
1.0199
1.0199
1.0198
1.0196
1.0196
1.0195
1.0196
1.0195
1.0194
1.0194
1.0192
1.0191
1.0190
1.0190
1.0192
1.0192
1.0191
1.0193
1.0200
1.0200
1.0207
1.0246
1.0516
1.0091
1.0087
