1.0039
1.0106
1.0092
0.8122
1.2762
1.1875
1.1540
1.1474
1.1456
1.1494
1.1508
1.1512
1.1501
1.1466
1.1433
1.1460
1.1441
1.1470
1.1507
1.1513
1.1461
1.1448
1.1445
1.1453
1.1432
1.1474
1.1469
1.1447
1.1408
1.1459
1.1415
1.1472
1.1478
1.1510
1.1373
1.1380
1.1332
1.1317
1.1296
1.1344
1.1335
1.1365
1.1378
1.1375
1.1414
1.1420
1.1359
1.1356
1.1349
1.1294
1.1311
1.1308
1.1272
1.1262
1.1299
1.1267
1.1283
1.1296
1.1277
1.1273
1.1264
1.1266
1.1299
1.1316
1.1301
1.1329
1.1327
1.1324
1.1332
1.1334
1.1307
1.1274
1.1258
1.1244
1.1231
1.1250
1.1272
1.1244
1.1262
1.1239
1.1234
1.1218
1.1246
1.1238
1.1234
1.1227
1.1237
1.1225
1.1215
1.1253
1.1244
1.1224
1.1221
1.1236
1.1239
1.1254
1.1279
1.1260
1.1268
1.1246
1.1230
1.1214
1.1242
1.1201
1.1198
1.1216
1.1236
1.1203
1.1227
1.1197
1.1175
1.1160
1.1163
1.1169
1.1178
1.1157
1.1162
1.1158
1.1135
1.1158
1.1173
1.1148
1.1145
1.1135
1.1144
1.1138
1.1146
1.1137
1.1148
1.1112
1.1106
1.1108
1.1119
1.1131
1.1154
1.1162
1.1150
1.1158
1.1143
1.1130
1.1131
1.1132
1.1116
1.1134
1.1141
1.1141
1.1143
1.1156
1.1135
1.1134
1.1119
1.1129
1.1136
1.1155
1.1149
1.1178
1.1186
1.1169
1.1175
1.1188
1.1161
1.1177
1.1212
1.1203
1.1209
1.1232
1.1228
1.1221
1.1176
1.1190
1.1191
1.1185
1.1194
1.1255
1.1207
1.1227
1.1216
1.1190
1.1191
1.1207
1.1186
1.1187
1.1193
1.1166
1.1180
1.1203
1.1204
1.1204
1.1241
1.1232
1.1222
1.1220
1.1198
1.1180
1.1168
1.1152
1.1168
1.1186
1.1178
1.1189
1.1209
1.1198
1.1154
1.1154
1.1167
1.1173
1.1166
1.1202
1.1234
1.1184
1.1174
1.1162
1.1164
1.1136
1.1126
1.1101
1.1110
1.1119
1.1103
1.1120
1.1149
1.1146
1.1145
1.1131
1.1139
1.1112
1.1118
1.1115
1.1148
1.1150
1.1159
1.1152
1.1142
1.1126
1.1109
1.1100
1.1096
1.1091
1.1078
1.1098
1.1094
1.1074
1.1066
1.1072
1.1055
1.1062
1.1062
1.1049
1.1042
1.1029
1.1016
1.1002
1.1005
1.0994
1.0981
1.0974
1.0968
1.0963
1.0953
1.0940
1.0945
1.0933
1.0916
1.0917
1.0924
1.0884
1.0868
1.0863
1.0854
1.0832
1.0843
1.0849
1.0833
1.0810
1.0794
1.0749
1.0709
1.0676
1.0649
1.0626
1.0614
1.0585
1.0548
1.0516
1.0485
1.0434
1.0387
1.0368
1.0375
1.0383
1.0423
1.0422
1.0389
1.0333
1.0241
1.0163
1.0046
0.9925
0.9752
0.9568
0.9193
0.8872
0.8485
0.8221
0.7882
0.7742
0.7524
0.7275
0.6966
0.6798
0.6635
0.6546
0.6627
0.6852
0.7148
0.7401
0.7661
0.7802
0.7630
0.7304
0.7009
0.6583
0.6138
0.5767
0.5336
0.4764
0.4356
0.3987
0.3737
0.3405
0.3185
0.3027
0.2842
0.2714
0.2743
0.2669
0.2578
0.2579
0.2481
0.2439
0.2444
0.2611
0.2779
0.3133
0.3726
0.4130
0.4265
0.4101
0.3839
0.3345
0.3019
0.2746
0.2595
0.2379
0.2207
0.2165
0.2213
0.2146
0.2105
0.2077
0.2030
0.2000
0.2059
0.2090
0.2170
0.2272
0.2322
0.2386
0.2481
0.2547
0.2571
0.2594
0.2575
0.2554
0.2491
0.2463
0.2375
0.2293
0.2213
0.2151
0.2079
0.2069
0.2114
0.2131
0.2212
0.2334
0.2481
0.2642
0.2882
0.3061
0.3214
0.3369
0.3501
0.3614
0.3782
0.3985
0.4181
0.4356
0.4514
0.4653
0.4763
0.4837
0.4905
0.4970
0.4973
0.4888
0.4688
0.4377
0.3912
0.3358
0.2862
0.2566
0.2501
0.2642
0.2884
0.3119
0.3390
0.3635
0.3867
0.4094
0.4317
0.4553
0.4806
0.5047
0.5273
0.5512
0.5722
0.5899
0.6069
0.6252
0.6397
0.6517
0.6656
0.6803
0.6916
0.6992
0.7072
0.7147
0.7180
0.7145
0.7034
0.6814
0.6463
0.5977
0.5388
0.4768
0.4224
0.3861
0.3794
0.3993
0.4337
0.4689
0.5004
0.5298
0.5556
0.5802
0.6042
0.6265
0.6482
0.6702
0.6888
0.7071
0.7257
0.7401
0.7528
0.7679
0.7804
0.7890
0.7983
0.8097
0.8181
0.8227
0.8256
0.8270
0.8227
0.8132
0.8027
0.7947
0.7890
0.7852
0.7803
0.7682
0.7404
0.6918
0.6248
0.5536
0.4958
0.4643
0.4654
0.4925
0.5319
0.5685
0.6030
0.6336
0.6607
0.6861
0.7098
0.7315
0.7539
0.7738
0.7900
0.8080
0.8242
0.8352
0.8476
0.8615
0.8714
0.8783
0.8862
0.8924
0.8929
0.8892
0.8849
0.8814
0.8794
0.8802
0.8857
0.8942
0.9026
0.9094
0.9155
0.9200
0.9214
0.9174
0.9048
0.8804
0.8443
0.8031
0.7666
0.7429
0.7370
0.7476
0.7686
0.7904
0.8105
0.8290
0.8457
0.8613
0.8752
0.8870
0.8981
0.9089
0.9170
0.9255
0.9343
0.9404
0.9452
0.9509
0.9543
0.9544
0.9529
0.9509
0.9481
0.9458
0.9462
0.9495
0.9540
0.9586
0.9630
0.9672
0.9708
0.9737
0.9762
0.9785
0.9801
0.9814
0.9823
0.9823
0.9814
0.9780
0.9701
0.9574
0.9423
0.9283
0.9185
0.9149
0.9177
0.9252
0.9337
0.9414
0.9484
0.9546
0.9599
0.9648
0.9692
0.9730
0.9769
0.9800
0.9827
0.9854
0.9874
0.9882
0.9884
0.9879
0.9865
0.9854
0.9854
0.9864
0.9881
0.9903
0.9928
0.9949
0.9966
0.9981
0.9996
1.0008
1.0019
1.0029
1.0038
1.0045
1.0052
1.0060
1.0064
1.0070
1.0076
1.0079
1.0079
1.0075
1.0063
1.0040
1.0008
0.9976
0.9950
0.9935
0.9936
0.9950
0.9969
0.9988
1.0003
1.0018
1.0029
1.0039
1.0048
1.0055
1.0058
1.0059
1.0057
1.0053
1.0045
1.0035
1.0027
1.0022
1.0021
1.0024
1.0031
1.0039
1.0048
1.0058
1.0067
1.0077
1.0086
1.0094
1.0102
1.0109
1.0115
1.0122
1.0128
1.0132
1.0137
1.0141
1.0145
1.0149
1.0154
1.0157
1.0160
1.0162
1.0163
1.0164
1.0166
1.0167
1.0168
1.0169
1.0169
1.0168
1.0167
1.0167
1.0167
1.0169
1.0171
1.0172
1.0175
1.0177
1.0180
1.0181
1.0183
1.0183
1.0184
1.0182
1.0180
1.0179
1.0180
1.0180
1.0181
1.0184
1.0184
1.0185
1.0186
1.0188
1.0188
1.0189
1.0188
1.0186
1.0183
1.0180
1.0176
1.0173
1.0168
1.0163
1.0159
1.0156
1.0152
1.0152
1.0151
1.0152
1.0155
1.0157
1.0160
1.0162
1.0164
1.0167
1.0170
1.0173
1.0177
1.0181
1.0186
1.0189
1.0193
1.0195
1.0197
1.0198
1.0200
1.0200
1.0202
1.0202
1.0203
1.0202
1.0205
1.0206
1.0207
1.0208
1.0208
1.0207
1.0207
1.0208
1.0209
1.0211
1.0212
1.0212
1.0212
1.0210
1.0211
1.0210
1.0210
1.0211
1.0211
1.0210
1.0209
1.0210
1.0209
1.0208
1.0209
1.0210
1.0209
1.0208
1.0207
1.0207
1.0206
1.0206
1.0207
1.0208
1.0207
1.0206
1.0205
1.0204
1.0201
1.0199
1.0195
1.0190
1.0186
1.0181
1.0178
1.0178
1.0178
1.0178
1.0178
1.0178
1.0176
1.0175
1.0175
1.0176
1.0176
1.0178
1.0179
1.0180
1.0182
1.0184
1.0184
1.0186
1.0186
1.0188
1.0188
1.0188
1.0189
1.0188
1.0187
1.0188
1.0189
1.0190
1.0190
1.0190
1.0190
1.0189
1.0187
1.0187
1.0187
1.0187
1.0187
1.0185
1.0185
1.0182
1.0180
1.0179
1.0178
1.0177
1.0177
1.0177
1.0175
1.0176
1.0173
1.0172
1.0171
1.0170
1.0170
1.0170
1.0169
1.0168
1.0166
1.0164
1.0163
1.0162
1.0161
1.0161
1.0160
1.0158
1.0158
1.0158
1.0156
1.0155
1.0153
1.0151
1.0147
1.0143
1.0140
1.0138
1.0136
1.0135
1.0134
1.0132
1.0131
1.0130
1.0127
1.0125
1.0126
1.0124
1.0122
1.0121
1.0121
1.0120
1.0119
1.0120
1.0119
1.0117
1.0116
1.0116
1.0115
1.0113
1.0112
1.0110
1.0108
1.0107
1.0107
1.0105
1.0104
1.0102
1.0099
1.0098
1.0096
1.0095
1.0093
1.0092
1.0090
1.0089
1.0087
1.0086
1.0083
1.0080
1.0078
1.0075
1.0073
1.0072
1.0069
1.0066
1.0064
1.0062
1.0062
1.0061
1.0061
1.0061
1.0060
1.0057
1.0056
1.0053
1.0051
1.0050
1.0048
1.0047
1.0047
1.0046
1.0044
1.0042
1.0040
1.0039
1.0037
1.0036
1.0034
1.0033
1.0032
1.0031
1.0029
1.0027
1.0025
1.0023
1.0020
1.0019
1.0018
1.0016
1.0013
1.0013
1.0010
1.0008
1.0006
1.0005
1.0004
1.0003
1.0002
1.0000
0.9998
0.9997
0.9995
0.9993
0.9993
0.9991
0.9988
0.9986
0.9984
0.9982
0.9982
0.9981
0.9981
0.9979
0.9978
0.9976
0.9974
0.9971
0.9969
0.9967
0.9965
0.9964
0.9964
0.9963
0.9963
0.9961
0.9960
0.9957
0.9957
0.9955
0.9955
0.9954
0.9952
0.9949
0.9948
0.9947
0.9945
0.9943
0.9940
0.9938
0.9938
0.9936
0.9937
0.9938
0.9938
0.9935
0.9934
0.9932
0.9929
0.9927
0.9926
0.9924
0.9923
0.9923
0.9920
0.9919
0.9918
0.9916
0.9913
0.9913
0.9911
0.9912
0.9911
0.9909
0.9906
0.9904
0.9900
0.9898
0.9898
0.9898
0.9897
0.9897
0.9896
0.9896
0.9894
0.9894
0.9892
0.9890
0.9890
0.9890
0.9887
0.9886
0.9883
0.9883
0.9881
0.9879
0.9876
0.9876
0.9875
0.9874
0.9876
0.9874
0.9873
0.9873
0.9872
0.9868
0.9869
0.9868
0.9866
0.9864
0.9862
0.9861
0.9859
0.9858
0.9858
0.9858
0.9858
0.9859
0.9858
0.9858
0.9857
0.9856
0.9855
0.9854
0.9852
0.9851
0.9849
0.9848
0.9847
0.9848
0.9847
0.9846
0.9845
0.9845
0.9843
0.9841
0.9843
0.9842
0.9842
0.9842
0.9844
0.9843
0.9842
0.9841
0.9841
0.9840
0.9839
0.9841
0.9841
0.9840
0.9839
0.9838
0.9837
0.9836
0.9836
0.9835
0.9834
0.9834
0.9834
0.9833
0.9833
0.9833
0.9832
0.9833
0.9832
0.9833
0.9833
0.9833
0.9833
0.9834
0.9833
0.9832
0.9833
0.9831
0.9831
0.9831
0.9830
0.9830
0.9832
0.9831
0.9830
0.9830
0.9829
0.9830
0.9829
0.9831
0.9833
0.9833
0.9831
0.9832
0.9832
0.9830
0.9831
0.9832
0.9831
0.9832
0.9833
0.9833
0.9833
0.9834
0.9834
0.9833
0.9832
0.9832
0.9832
0.9831
0.9832
0.9833
0.9833
0.9834
0.9834
0.9833
0.9835
0.9834
0.9834
0.9835
0.9837
0.9835
0.9835
0.9836
0.9835
0.9836
0.9838
0.9838
0.9838
0.9838
0.9835
0.9835
0.9834
0.9834
0.9833
0.9834
0.9834
0.9836
0.9836
0.9837
0.9838
0.9837
0.9837
0.9839
0.9840
0.9841
0.9841
0.9841
0.9839
0.9841
0.9840
0.9841
0.9842
0.9842
0.9840
0.9840
0.9840
0.9841
0.9842
0.9842
0.9843
0.9843
0.9843
0.9843
0.9843
0.9844
0.9845
0.9845
0.9846
0.9847
0.9846
0.9848
0.9849
0.9850
0.9851
0.9853
0.9853
0.9854
0.9855
0.9854
0.9854
0.9854
0.9854
0.9854
0.9854
0.9855
0.9856
0.9857
0.9858
0.9858
0.9859
0.9859
0.9860
0.9861
0.9861
0.9862
0.9863
0.9862
0.9862
0.9861
0.9862
0.9863
0.9863
0.9864
0.9867
0.9867
0.9866
0.9867
0.9866
0.9867
0.9867
0.9868
0.9869
0.9870
0.9870
0.9871
0.9871
0.9872
0.9873
0.9875
0.9876
0.9877
0.9877
0.9879
0.9879
0.9879
0.9878
0.9878
0.9877
0.9878
0.9879
0.9880
0.9883
0.9883
0.9884
0.9885
0.9887
0.9886
0.9887
0.9889
0.9890
0.9890
0.9890
0.9891
0.9890
0.9891
0.9890
0.9890
0.9891
0.9892
0.9893
0.9895
0.9896
0.9897
0.9898
0.9898
0.9899
0.9900
0.9901
0.9902
0.9903
0.9904
0.9904
0.9905
0.9907
0.9907
0.9908
0.9909
0.9910
0.9910
0.9912
0.9912
0.9913
0.9914
0.9915
0.9916
0.9916
0.9917
0.9917
0.9918
0.9918
0.9919
0.9920
0.9920
0.9920
0.9921
0.9922
0.9923
0.9924
0.9926
0.9927
0.9928
0.9928
0.9930
0.9930
0.9930
0.9930
0.9931
0.9932
0.9933
0.9933
0.9935
0.9934
0.9935
0.9936
0.9937
0.9938
0.9940
0.9940
0.9941
0.9942
0.9942
0.9943
0.9944
0.9945
0.9946
0.9948
0.9949
0.9950
0.9950
0.9952
0.9952
0.9952
0.9954
0.9955
0.9956
0.9957
0.9957
0.9958
0.9958
0.9958
0.9959
0.9960
0.9961
0.9963
0.9964
0.9965
0.9965
0.9965
0.9966
0.9967
0.9968
0.9970
0.9971
0.9972
0.9972
0.9974
0.9975
0.9975
0.9976
0.9978
0.9978
0.9979
0.9980
0.9982
0.9982
0.9983
0.9982
0.9984
0.9984
0.9985
0.9987
0.9988
0.9989
0.9990
0.9992
0.9992
0.9994
0.9995
0.9995
0.9996
0.9997
0.9997
0.9998
0.9999
0.9998
0.9999
0.9999
0.9999
1.0001
1.0001
1.0002
1.0004
1.0005
1.0005
1.0005
1.0007
1.0008
1.0009
1.0010
1.0011
1.0011
1.0012
1.0013
1.0014
1.0014
1.0016
1.0017
1.0018
1.0018
1.0020
1.0020
1.0021
1.0022
1.0024
1.0024
1.0025
1.0026
1.0026
1.0027
1.0028
1.0029
1.0030
1.0031
1.0031
1.0031
1.0030
1.0031
1.0030
1.0031
1.0032
1.0033
1.0034
1.0036
1.0037
1.0037
1.0039
1.0040
1.0041
1.0042
1.0043
1.0043
1.0045
1.0046
1.0048
1.0048
1.0050
1.0051
1.0052
1.0053
1.0055
1.0054
1.0053
1.0052
1.0050
1.0050
1.0049
1.0050
1.0050
1.0051
1.0051
1.0052
1.0054
1.0057
1.0058
1.0061
1.0062
1.0064
1.0065
1.0065
1.0066
1.0067
1.0068
1.0069
1.0071
1.0072
1.0071
1.0071
1.0073
1.0073
1.0074
1.0075
1.0076
1.0076
1.0077
1.0078
1.0078
1.0079
1.0079
1.0080
1.0080
1.0080
1.0079
1.0078
1.0076
1.0075
1.0075
1.0076
1.0077
1.0077
1.0078
1.0079
1.0081
1.0082
1.0083
1.0084
1.0086
1.0086
1.0087
1.0088
1.0090
1.0090
1.0090
1.0091
1.0092
1.0092
1.0093
1.0094
1.0095
1.0096
1.0097
1.0097
1.0098
1.0098
1.0100
1.0101
1.0101
1.0101
1.0102
1.0101
1.0103
1.0103
1.0105
1.0105
1.0106
1.0107
1.0107
1.0108
1.0108
1.0109
1.0110
1.0111
1.0111
1.0111
1.0109
1.0108
1.0105
1.0104
1.0105
1.0106
1.0107
1.0109
1.0110
1.0112
1.0112
1.0113
1.0114
1.0114
1.0115
1.0115
1.0116
1.0117
1.0118
1.0119
1.0120
1.0121
1.0122
1.0123
1.0123
1.0125
1.0126
1.0126
1.0126
1.0126
1.0126
1.0127
1.0129
1.0129
1.0129
1.0129
1.0130
1.0130
1.0131
1.0132
1.0132
1.0132
1.0132
1.0132
1.0133
1.0134
1.0134
1.0135
1.0136
1.0137
1.0137
1.0137
1.0137
1.0138
1.0138
1.0138
1.0139
1.0140
1.0140
1.0140
1.0140
1.0138
1.0137
1.0135
1.0135
1.0135
1.0136
1.0137
1.0137
1.0138
1.0140
1.0141
1.0142
1.0143
1.0144
1.0144
1.0143
1.0144
1.0146
1.0147
1.0148
1.0150
1.0151
1.0150
1.0151
1.0151
1.0152
1.0152
1.0154
1.0154
1.0155
1.0155
1.0155
1.0156
1.0157
1.0158
1.0159
1.0160
1.0161
1.0162
1.0163
1.0163
1.0164
1.0162
1.0162
1.0163
1.0162
1.0162
1.0163
1.0163
1.0164
1.0164
1.0164
1.0164
1.0164
1.0164
1.0165
1.0164
1.0163
1.0163
1.0164
1.0164
1.0165
1.0166
1.0167
1.0168
1.0169
1.0169
1.0169
1.0168
1.0168
1.0168
1.0167
1.0168
1.0168
1.0167
1.0167
1.0167
1.0167
1.0167
1.0167
1.0168
1.0170
1.0170
1.0172
1.0174
1.0174
1.0173
1.0174
1.0174
1.0175
1.0175
1.0175
1.0175
1.0176
1.0177
1.0178
1.0180
1.0181
1.0182
1.0183
1.0182
1.0183
1.0183
1.0184
1.0184
1.0186
1.0185
1.0186
1.0186
1.0187
1.0186
1.0187
1.0186
1.0186
1.0186
1.0187
1.0187
1.0189
1.0188
1.0189
1.0189
1.0189
1.0188
1.0189
1.0189
1.0189
1.0189
1.0189
1.0189
1.0188
1.0189
1.0189
1.0191
1.0191
1.0191
1.0192
1.0192
1.0192
1.0192
1.0192
1.0192
1.0191
1.0190
1.0189
1.0190
1.0191
1.0192
1.0193
1.0194
1.0193
1.0193
1.0191
1.0191
1.0191
1.0190
1.0189
1.0189
1.0190
1.0190
1.0190
1.0192
1.0193
1.0191
1.0192
1.0193
1.0192
1.0193
1.0194
1.0195
1.0195
1.0196
1.0197
1.0197
1.0197
1.0197
1.0198
1.0198
1.0199
1.0201
1.0201
1.0201
1.0201
1.0201
1.0199
1.0199
1.0199
1.0199
1.0199
1.0200
1.0201
1.0201
1.0201
1.0201
1.0201
1.0201
1.0202
1.0202
1.0204
1.0205
1.0206
1.0206
1.0206
1.0205
1.0205
1.0205
1.0204
1.0205
1.0206
1.0205
1.0205
1.0205
1.0204
1.0204
1.0204
1.0204
1.0204
1.0204
1.0206
1.0208
1.0208
1.0208
1.0209
1.0208
1.0208
1.0208
1.0208
1.0207
1.0208
1.0208
1.0208
1.0208
1.0209
1.0209
1.0210
1.0209
1.0208
1.0208
1.0208
1.0207
1.0208
1.0209
1.0209
1.0209
1.0210
1.0211
1.0210
1.0210
1.0209
1.0208
1.0207
1.0208
1.0208
1.0209
1.0210
1.0211
1.0210
1.0211
1.0211
1.0211
1.0211
1.0211
1.0211
1.0211
1.0211
1.0211
1.0211
1.0212
1.0212
1.0213
1.0212
1.0212
1.0212
1.0211
1.0210
1.0211
1.0211
1.0213
1.0213
1.0213
1.0213
1.0214
1.0212
1.0212
1.0211
1.0211
1.0211
1.0211
1.0211
1.0212
1.0212
1.0211
1.0213
1.0214
1.0213
1.0213
1.0213
1.0212
1.0212
1.0212
1.0214
1.0214
1.0215
1.0215
1.0214
1.0213
1.0212
1.0213
1.0212
1.0212
1.0212
1.0212
1.0212
1.0212
1.0213
1.0213
1.0213
1.0213
1.0213
1.0212
1.0211
1.0210
1.0209
1.0207
1.0207
1.0208
1.0209
1.0210
1.0210
1.0211
1.0210
1.0209
1.0207
1.0207
1.0208
1.0208
1.0209
1.0209
1.0210
1.0209
1.0208
1.0208
1.0208
1.0207
1.0207
1.0207
1.0206
1.0206
1.0206
1.0206
1.0207
1.0205
1.0205
1.0204
1.0205
1.0205
1.0206
1.0208
1.0209
1.0208
1.0208
1.0208
1.0206
1.0205
1.0205
1.0206
1.0207
1.0206
1.0206
1.0208
1.0206
1.0206
1.0207
1.0207
1.0205
1.0205
1.0205
1.0206
1.0204
1.0205
1.0206
1.0207
1.0207
1.0208
1.0207
1.0206
1.0205
1.0205
1.0204
1.0203
1.0202
1.0201
1.0201
1.0200
1.0200
1.0199
1.0199
1.0198
1.0198
1.0198
1.0199
1.0198
1.0199
1.0196
1.0195
1.0194
1.0196
1.0196
1.0197
1.0198
1.0197
1.0196
1.0196
1.0196
1.0197
1.0197
1.0199
1.0197
1.0196
1.0195
1.0193
1.0192
1.0192
1.0193
1.0192
1.0192
1.0192
1.0191
1.0189
1.0189
1.0189
1.0190
1.0190
1.0190
1.0192
1.0199
1.0199
1.0206
1.0246
1.0511
1.0102
1.0100
