1.0038
1.0109
1.0092
0.8135
1.2742
1.1856
1.1525
1.1455
1.1438
1.1474
1.1496
1.1504
1.1500
1.1470
1.1448
1.1467
1.1443
1.1464
1.1500
1.1496
1.1444
1.1430
1.1424
1.1429
1.1411
1.1455
1.1450
1.1433
1.1398
1.1451
1.1413
1.1474
1.1479
1.1515
1.1366
1.1372
1.1326
1.1317
1.1285
1.1341
1.1334
1.1359
1.1362
1.1366
1.1403
1.1404
1.1345
1.1350
1.1347
1.1297
1.1309
1.1311
1.1270
1.1256
1.1290
1.1263
1.1272
1.1287
1.1273
1.1264
1.1256
1.1258
1.1288
1.1302
1.1288
1.1315
1.1316
1.1321
1.1326
1.1329
1.1299
1.1261
1.1238
1.1221
1.1206
1.1229
1.1257
1.1227
1.1241
1.1221
1.1212
1.1201
1.1229
1.1231
1.1229
1.1222
1.1230
1.1222
1.1206
1.1246
1.1237
1.1217
1.1209
1.1225
1.1223
1.1239
1.1260
1.1244
1.1254
1.1237
1.1222
1.1208
1.1235
1.1191
1.1184
1.1200
1.1210
1.1178
1.1204
1.1177
1.1155
1.1145
1.1151
1.1156
1.1166
1.1143
1.1151
1.1145
1.1126
1.1144
1.1164
1.1138
1.1135
1.1126
1.1132
1.1124
1.1136
1.1129
1.1140
1.1111
1.1107
1.1107
1.1113
1.1124
1.1149
1.1152
1.1142
1.1151
1.1134
1.1122
1.1123
1.1125
1.1112
1.1129
1.1132
1.1128
1.1127
1.1140
1.1122
1.1118
1.1107
1.1119
1.1125
1.1139
1.1141
1.1172
1.1176
1.1160
1.1170
1.1178
1.1147
1.1163
1.1199
1.1193
1.1199
1.1225
1.1221
1.1207
1.1155
1.1169
1.1170
1.1166
1.1178
1.1244
1.1200
1.1222
1.1211
1.1183
1.1182
1.1188
1.1162
1.1163
1.1175
1.1155
1.1172
1.1200
1.1203
1.1196
1.1227
1.1219
1.1213
1.1212
1.1188
1.1172
1.1161
1.1144
1.1159
1.1178
1.1169
1.1175
1.1194
1.1175
1.1135
1.1135
1.1148
1.1151
1.1147
1.1176
1.1201
1.1160
1.1153
1.1142
1.1150
1.1126
1.1120
1.1096
1.1108
1.1108
1.1091
1.1103
1.1134
1.1129
1.1131
1.1123
1.1129
1.1098
1.1107
1.1105
1.1132
1.1130
1.1138
1.1129
1.1121
1.1105
1.1094
1.1092
1.1088
1.1081
1.1069
1.1085
1.1073
1.1054
1.1049
1.1054
1.1041
1.1048
1.1046
1.1033
1.1023
1.1013
1.1002
1.0991
1.0991
1.0985
1.0972
1.0962
1.0958
1.0951
1.0942
1.0931
1.0932
1.0917
1.0901
1.0896
1.0899
1.0865
1.0850
1.0842
1.0842
1.0820
1.0827
1.0829
1.0819
1.0785
1.0772
1.0739
1.0702
1.0670
1.0645
1.0621
1.0603
1.0568
1.0534
1.0503
1.0469
1.0415
1.0377
1.0355
1.0363
1.0380
1.0416
1.0414
1.0380
1.0320
1.0224
1.0148
1.0029
0.9911
0.9745
0.9558
0.9187
0.8865
0.8479
0.8211
0.7872
0.7730
0.7511
0.7259
0.6952
0.6785
0.6623
0.6536
0.6622
0.6846
0.7140
0.7390
0.7649
0.7786
0.7617
0.7293
0.7001
0.6578
0.6132
0.5760
0.5331
0.4759
0.4348
0.3981
0.3731
0.3396
0.3177
0.3021
0.2837
0.2710
0.2740
0.2664
0.2572
0.2572
0.2473
0.2430
0.2436
0.2604
0.2772
0.3127
0.3722
0.4126
0.4259
0.4097
0.3834
0.3340
0.3014
0.2741
0.2590
0.2374
0.2200
0.2158
0.2205
0.2139
0.2097
0.2070
0.2021
0.1992
0.2050
0.2080
0.2160
0.2262
0.2311
0.2374
0.2468
0.2533
0.2557
0.2581
0.2563
0.2543
0.2481
0.2456
0.2369
0.2288
0.2208
0.2146
0.2074
0.2063
0.2108
0.2124
0.2206
0.2327
0.2472
0.2633
0.2872
0.3050
0.3202
0.3357
0.3488
0.3601
0.3768
0.3971
0.4166
0.4340
0.4499
0.4638
0.4748
0.4822
0.4890
0.4955
0.4958
0.4874
0.4675
0.4365
0.3902
0.3349
0.2855
0.2561
0.2496
0.2637
0.2878
0.3114
0.3384
0.3629
0.3859
0.4086
0.4308
0.4544
0.4796
0.5036
0.5261
0.5501
0.5711
0.5889
0.6058
0.6241
0.6386
0.6506
0.6644
0.6792
0.6905
0.6982
0.7062
0.7137
0.7170
0.7135
0.7024
0.6804
0.6453
0.5968
0.5381
0.4763
0.4219
0.3857
0.3790
0.3989
0.4332
0.4683
0.4998
0.5292
0.5549
0.5795
0.6034
0.6257
0.6474
0.6694
0.6881
0.7064
0.7250
0.7394
0.7520
0.7671
0.7796
0.7882
0.7975
0.8088
0.8172
0.8219
0.8249
0.8262
0.8221
0.8126
0.8020
0.7941
0.7884
0.7845
0.7796
0.7676
0.7398
0.6913
0.6244
0.5533
0.4956
0.4641
0.4651
0.4922
0.5316
0.5681
0.6026
0.6333
0.6603
0.6856
0.7093
0.7310
0.7534
0.7733
0.7896
0.8076
0.8237
0.8346
0.8470
0.8609
0.8708
0.8776
0.8856
0.8917
0.8922
0.8886
0.8843
0.8808
0.8788
0.8798
0.8853
0.8937
0.9021
0.9089
0.9150
0.9196
0.9209
0.9170
0.9045
0.8801
0.8440
0.8029
0.7663
0.7426
0.7367
0.7472
0.7681
0.7900
0.8101
0.8286
0.8452
0.8609
0.8748
0.8866
0.8976
0.9084
0.9166
0.9252
0.9339
0.9400
0.9449
0.9506
0.9540
0.9541
0.9525
0.9505
0.9477
0.9454
0.9458
0.9490
0.9535
0.9581
0.9626
0.9667
0.9703
0.9733
0.9758
0.9781
0.9798
0.9811
0.9819
0.9819
0.9810
0.9776
0.9697
0.9571
0.9419
0.9279
0.9181
0.9145
0.9173
0.9249
0.9333
0.9410
0.9480
0.9542
0.9596
0.9644
0.9688
0.9727
0.9765
0.9796
0.9824
0.9851
0.9870
0.9878
0.9881
0.9875
0.9861
0.9850
0.9850
0.9860
0.9877
0.9900
0.9925
0.9946
0.9963
0.9979
0.9993
1.0006
1.0016
1.0027
1.0035
1.0043
1.0050
1.0057
1.0061
1.0067
1.0072
1.0076
1.0075
1.0071
1.0060
1.0037
1.0005
0.9972
0.9946
0.9931
0.9932
0.9946
0.9966
0.9985
1.0000
1.0015
1.0026
1.0037
1.0044
1.0051
1.0054
1.0055
1.0053
1.0048
1.0041
1.0031
1.0024
1.0019
1.0018
1.0021
1.0029
1.0036
1.0046
1.0055
1.0065
1.0074
1.0083
1.0091
1.0098
1.0106
1.0112
1.0119
1.0125
1.0129
1.0134
1.0139
1.0143
1.0147
1.0151
1.0155
1.0157
1.0159
1.0161
1.0162
1.0164
1.0166
1.0166
1.0166
1.0166
1.0166
1.0165
1.0165
1.0166
1.0167
1.0168
1.0170
1.0173
1.0176
1.0178
1.0179
1.0182
1.0182
1.0182
1.0180
1.0178
1.0177
1.0177
1.0177
1.0179
1.0181
1.0182
1.0182
1.0184
1.0185
1.0186
1.0186
1.0185
1.0183
1.0181
1.0179
1.0175
1.0172
1.0167
1.0162
1.0158
1.0154
1.0151
1.0151
1.0150
1.0151
1.0154
1.0156
1.0158
1.0161
1.0163
1.0166
1.0169
1.0171
1.0176
1.0180
1.0184
1.0188
1.0191
1.0193
1.0195
1.0196
1.0198
1.0199
1.0201
1.0201
1.0201
1.0202
1.0203
1.0205
1.0206
1.0207
1.0207
1.0206
1.0206
1.0207
1.0208
1.0209
1.0211
1.0211
1.0211
1.0210
1.0210
1.0209
1.0209
1.0209
1.0210
1.0209
1.0209
1.0209
1.0208
1.0208
1.0208
1.0209
1.0208
1.0207
1.0206
1.0206
1.0206
1.0206
1.0206
1.0207
1.0206
1.0205
1.0205
1.0203
1.0201
1.0198
1.0194
1.0189
1.0184
1.0179
1.0176
1.0175
1.0176
1.0176
1.0176
1.0177
1.0175
1.0173
1.0174
1.0175
1.0175
1.0176
1.0178
1.0179
1.0181
1.0182
1.0184
1.0185
1.0186
1.0187
1.0187
1.0187
1.0188
1.0188
1.0187
1.0188
1.0189
1.0189
1.0188
1.0188
1.0188
1.0187
1.0186
1.0186
1.0186
1.0186
1.0185
1.0184
1.0183
1.0181
1.0179
1.0178
1.0177
1.0176
1.0176
1.0176
1.0175
1.0175
1.0173
1.0172
1.0171
1.0171
1.0170
1.0170
1.0169
1.0168
1.0166
1.0164
1.0164
1.0163
1.0162
1.0161
1.0160
1.0159
1.0158
1.0158
1.0156
1.0155
1.0153
1.0151
1.0147
1.0144
1.0141
1.0139
1.0136
1.0135
1.0135
1.0133
1.0132
1.0130
1.0128
1.0126
1.0126
1.0123
1.0122
1.0122
1.0122
1.0121
1.0120
1.0121
1.0120
1.0118
1.0117
1.0117
1.0115
1.0112
1.0112
1.0110
1.0109
1.0108
1.0108
1.0106
1.0104
1.0102
1.0100
1.0099
1.0097
1.0096
1.0095
1.0094
1.0092
1.0091
1.0088
1.0086
1.0083
1.0080
1.0078
1.0075
1.0073
1.0072
1.0070
1.0067
1.0065
1.0063
1.0063
1.0062
1.0062
1.0062
1.0060
1.0058
1.0056
1.0054
1.0052
1.0051
1.0049
1.0048
1.0048
1.0047
1.0046
1.0044
1.0042
1.0040
1.0037
1.0037
1.0034
1.0033
1.0033
1.0032
1.0029
1.0028
1.0026
1.0024
1.0021
1.0021
1.0019
1.0017
1.0015
1.0014
1.0011
1.0009
1.0008
1.0007
1.0005
1.0004
1.0003
1.0001
0.9999
0.9998
0.9996
0.9995
0.9995
0.9992
0.9990
0.9988
0.9986
0.9984
0.9983
0.9982
0.9982
0.9981
0.9980
0.9978
0.9977
0.9974
0.9972
0.9970
0.9968
0.9967
0.9966
0.9965
0.9965
0.9964
0.9962
0.9960
0.9960
0.9957
0.9957
0.9956
0.9955
0.9952
0.9950
0.9949
0.9946
0.9944
0.9942
0.9941
0.9940
0.9938
0.9938
0.9939
0.9939
0.9937
0.9936
0.9934
0.9932
0.9930
0.9929
0.9927
0.9925
0.9925
0.9922
0.9921
0.9920
0.9918
0.9915
0.9915
0.9914
0.9914
0.9913
0.9910
0.9907
0.9906
0.9902
0.9901
0.9900
0.9901
0.9900
0.9900
0.9899
0.9899
0.9897
0.9896
0.9894
0.9893
0.9891
0.9891
0.9889
0.9888
0.9886
0.9886
0.9884
0.9881
0.9879
0.9879
0.9877
0.9877
0.9879
0.9877
0.9877
0.9876
0.9875
0.9872
0.9872
0.9871
0.9869
0.9867
0.9866
0.9865
0.9864
0.9862
0.9862
0.9861
0.9861
0.9861
0.9861
0.9860
0.9859
0.9859
0.9858
0.9857
0.9855
0.9854
0.9853
0.9851
0.9850
0.9851
0.9849
0.9848
0.9848
0.9848
0.9847
0.9846
0.9847
0.9847
0.9847
0.9846
0.9848
0.9848
0.9847
0.9846
0.9845
0.9844
0.9843
0.9844
0.9845
0.9843
0.9842
0.9843
0.9842
0.9841
0.9840
0.9839
0.9838
0.9837
0.9837
0.9837
0.9837
0.9837
0.9836
0.9836
0.9836
0.9837
0.9838
0.9838
0.9837
0.9838
0.9837
0.9837
0.9837
0.9835
0.9835
0.9836
0.9834
0.9835
0.9836
0.9835
0.9834
0.9834
0.9833
0.9834
0.9833
0.9835
0.9837
0.9837
0.9836
0.9837
0.9837
0.9835
0.9836
0.9837
0.9837
0.9838
0.9839
0.9838
0.9839
0.9839
0.9839
0.9839
0.9837
0.9836
0.9836
0.9836
0.9837
0.9838
0.9838
0.9839
0.9839
0.9838
0.9840
0.9840
0.9839
0.9841
0.9842
0.9841
0.9841
0.9841
0.9841
0.9842
0.9843
0.9844
0.9844
0.9844
0.9842
0.9842
0.9841
0.9840
0.9840
0.9840
0.9840
0.9841
0.9842
0.9843
0.9844
0.9844
0.9844
0.9845
0.9846
0.9848
0.9848
0.9847
0.9846
0.9847
0.9846
0.9847
0.9847
0.9847
0.9846
0.9846
0.9846
0.9847
0.9848
0.9849
0.9849
0.9850
0.9850
0.9850
0.9850
0.9851
0.9851
0.9851
0.9852
0.9853
0.9853
0.9854
0.9855
0.9856
0.9858
0.9859
0.9859
0.9861
0.9862
0.9862
0.9862
0.9861
0.9861
0.9861
0.9861
0.9862
0.9863
0.9863
0.9864
0.9865
0.9865
0.9866
0.9867
0.9868
0.9868
0.9868
0.9869
0.9868
0.9868
0.9868
0.9869
0.9870
0.9870
0.9871
0.9873
0.9873
0.9873
0.9874
0.9873
0.9874
0.9875
0.9876
0.9877
0.9877
0.9877
0.9878
0.9878
0.9878
0.9880
0.9882
0.9883
0.9883
0.9883
0.9885
0.9885
0.9885
0.9885
0.9885
0.9884
0.9885
0.9886
0.9888
0.9891
0.9892
0.9893
0.9893
0.9894
0.9894
0.9895
0.9896
0.9896
0.9897
0.9898
0.9898
0.9897
0.9898
0.9898
0.9898
0.9900
0.9900
0.9902
0.9903
0.9905
0.9905
0.9905
0.9905
0.9907
0.9908
0.9909
0.9910
0.9911
0.9912
0.9913
0.9913
0.9914
0.9915
0.9915
0.9917
0.9918
0.9918
0.9919
0.9920
0.9920
0.9921
0.9922
0.9923
0.9924
0.9925
0.9925
0.9927
0.9927
0.9927
0.9928
0.9929
0.9928
0.9929
0.9930
0.9931
0.9932
0.9934
0.9935
0.9935
0.9935
0.9937
0.9938
0.9938
0.9939
0.9940
0.9941
0.9941
0.9942
0.9943
0.9943
0.9943
0.9944
0.9945
0.9946
0.9948
0.9948
0.9949
0.9950
0.9950
0.9951
0.9952
0.9953
0.9954
0.9956
0.9957
0.9958
0.9958
0.9960
0.9960
0.9961
0.9962
0.9964
0.9964
0.9965
0.9965
0.9966
0.9966
0.9967
0.9968
0.9969
0.9969
0.9971
0.9972
0.9973
0.9973
0.9974
0.9975
0.9976
0.9977
0.9979
0.9980
0.9980
0.9981
0.9982
0.9983
0.9983
0.9984
0.9986
0.9987
0.9988
0.9989
0.9990
0.9991
0.9992
0.9991
0.9993
0.9993
0.9994
0.9995
0.9997
0.9997
0.9999
1.0000
1.0001
1.0002
1.0003
1.0003
1.0005
1.0005
1.0006
1.0006
1.0007
1.0007
1.0007
1.0007
1.0008
1.0009
1.0010
1.0011
1.0012
1.0013
1.0013
1.0014
1.0015
1.0016
1.0017
1.0018
1.0020
1.0021
1.0021
1.0022
1.0023
1.0023
1.0025
1.0025
1.0026
1.0027
1.0029
1.0029
1.0030
1.0031
1.0032
1.0033
1.0034
1.0034
1.0036
1.0036
1.0037
1.0038
1.0039
1.0040
1.0040
1.0040
1.0039
1.0040
1.0039
1.0039
1.0041
1.0042
1.0043
1.0044
1.0045
1.0046
1.0047
1.0048
1.0049
1.0050
1.0052
1.0053
1.0054
1.0056
1.0057
1.0057
1.0058
1.0060
1.0061
1.0063
1.0064
1.0063
1.0062
1.0061
1.0060
1.0058
1.0058
1.0059
1.0059
1.0060
1.0060
1.0062
1.0064
1.0066
1.0067
1.0070
1.0071
1.0073
1.0074
1.0075
1.0076
1.0077
1.0077
1.0078
1.0080
1.0080
1.0080
1.0080
1.0081
1.0082
1.0083
1.0084
1.0085
1.0086
1.0086
1.0087
1.0087
1.0088
1.0088
1.0089
1.0090
1.0090
1.0089
1.0088
1.0086
1.0085
1.0085
1.0085
1.0086
1.0086
1.0087
1.0088
1.0091
1.0091
1.0093
1.0094
1.0095
1.0095
1.0096
1.0097
1.0099
1.0099
1.0100
1.0101
1.0103
1.0102
1.0103
1.0104
1.0105
1.0105
1.0106
1.0107
1.0107
1.0108
1.0110
1.0111
1.0111
1.0111
1.0111
1.0111
1.0112
1.0113
1.0115
1.0116
1.0117
1.0118
1.0118
1.0118
1.0118
1.0118
1.0119
1.0120
1.0121
1.0121
1.0119
1.0118
1.0115
1.0114
1.0114
1.0115
1.0116
1.0118
1.0120
1.0121
1.0122
1.0122
1.0124
1.0124
1.0125
1.0125
1.0126
1.0126
1.0127
1.0128
1.0129
1.0130
1.0131
1.0132
1.0133
1.0134
1.0135
1.0135
1.0136
1.0136
1.0136
1.0137
1.0139
1.0139
1.0139
1.0140
1.0140
1.0140
1.0141
1.0142
1.0142
1.0141
1.0141
1.0142
1.0142
1.0143
1.0144
1.0145
1.0145
1.0147
1.0147
1.0148
1.0147
1.0148
1.0148
1.0148
1.0149
1.0150
1.0150
1.0150
1.0150
1.0148
1.0147
1.0146
1.0146
1.0145
1.0146
1.0147
1.0147
1.0148
1.0150
1.0151
1.0151
1.0153
1.0153
1.0153
1.0154
1.0155
1.0156
1.0157
1.0158
1.0159
1.0160
1.0160
1.0160
1.0161
1.0162
1.0162
1.0163
1.0164
1.0164
1.0164
1.0165
1.0166
1.0167
1.0168
1.0169
1.0170
1.0171
1.0171
1.0172
1.0172
1.0173
1.0172
1.0172
1.0172
1.0173
1.0172
1.0174
1.0174
1.0174
1.0174
1.0175
1.0174
1.0176
1.0176
1.0177
1.0177
1.0176
1.0174
1.0174
1.0174
1.0175
1.0176
1.0177
1.0177
1.0178
1.0179
1.0178
1.0177
1.0178
1.0177
1.0177
1.0177
1.0177
1.0177
1.0176
1.0176
1.0176
1.0177
1.0177
1.0178
1.0179
1.0180
1.0181
1.0183
1.0183
1.0183
1.0184
1.0184
1.0184
1.0185
1.0185
1.0185
1.0186
1.0187
1.0189
1.0190
1.0191
1.0192
1.0193
1.0192
1.0193
1.0193
1.0193
1.0194
1.0196
1.0195
1.0196
1.0197
1.0197
1.0196
1.0196
1.0196
1.0196
1.0196
1.0197
1.0198
1.0199
1.0199
1.0199
1.0199
1.0199
1.0198
1.0199
1.0199
1.0198
1.0199
1.0199
1.0199
1.0198
1.0199
1.0199
1.0201
1.0202
1.0202
1.0203
1.0203
1.0202
1.0202
1.0202
1.0202
1.0201
1.0201
1.0200
1.0201
1.0201
1.0202
1.0203
1.0203
1.0203
1.0203
1.0201
1.0200
1.0200
1.0200
1.0199
1.0199
1.0200
1.0200
1.0200
1.0202
1.0202
1.0201
1.0201
1.0202
1.0202
1.0203
1.0204
1.0205
1.0205
1.0206
1.0207
1.0207
1.0207
1.0207
1.0208
1.0209
1.0209
1.0210
1.0211
1.0210
1.0210
1.0210
1.0209
1.0209
1.0209
1.0209
1.0209
1.0211
1.0211
1.0211
1.0211
1.0211
1.0211
1.0211
1.0212
1.0212
1.0213
1.0214
1.0215
1.0215
1.0215
1.0215
1.0214
1.0215
1.0214
1.0214
1.0215
1.0214
1.0214
1.0213
1.0213
1.0213
1.0213
1.0213
1.0214
1.0214
1.0216
1.0217
1.0218
1.0218
1.0217
1.0217
1.0217
1.0217
1.0218
1.0217
1.0218
1.0218
1.0218
1.0217
1.0218
1.0219
1.0219
1.0218
1.0218
1.0218
1.0217
1.0217
1.0218
1.0219
1.0219
1.0219
1.0219
1.0220
1.0220
1.0219
1.0219
1.0218
1.0216
1.0217
1.0217
1.0218
1.0219
1.0220
1.0220
1.0220
1.0220
1.0220
1.0220
1.0220
1.0220
1.0220
1.0220
1.0220
1.0220
1.0221
1.0222
1.0223
1.0222
1.0221
1.0221
1.0220
1.0220
1.0221
1.0221
1.0223
1.0223
1.0224
1.0224
1.0223
1.0222
1.0222
1.0221
1.0220
1.0221
1.0220
1.0220
1.0221
1.0222
1.0221
1.0222
1.0223
1.0222
1.0222
1.0222
1.0221
1.0221
1.0222
1.0223
1.0224
1.0224
1.0223
1.0223
1.0221
1.0221
1.0221
1.0220
1.0220
1.0221
1.0221
1.0220
1.0222
1.0222
1.0222
1.0222
1.0222
1.0222
1.0222
1.0221
1.0220
1.0219
1.0217
1.0217
1.0218
1.0219
1.0219
1.0220
1.0220
1.0220
1.0218
1.0218
1.0217
1.0218
1.0218
1.0219
1.0219
1.0220
1.0218
1.0217
1.0217
1.0217
1.0216
1.0216
1.0216
1.0216
1.0215
1.0216
1.0216
1.0216
1.0215
1.0215
1.0214
1.0214
1.0215
1.0215
1.0217
1.0218
1.0217
1.0217
1.0217
1.0216
1.0215
1.0215
1.0217
1.0218
1.0217
1.0217
1.0218
1.0216
1.0215
1.0215
1.0216
1.0214
1.0214
1.0215
1.0215
1.0213
1.0214
1.0214
1.0214
1.0214
1.0215
1.0215
1.0215
1.0214
1.0213
1.0212
1.0211
1.0210
1.0209
1.0209
1.0208
1.0208
1.0208
1.0207
1.0207
1.0207
1.0206
1.0208
1.0207
1.0207
1.0205
1.0205
1.0205
1.0205
1.0206
1.0206
1.0206
1.0205
1.0204
1.0204
1.0205
1.0205
1.0205
1.0207
1.0205
1.0205
1.0205
1.0203
1.0202
1.0202
1.0202
1.0201
1.0200
1.0200
1.0199
1.0197
1.0196
1.0197
1.0198
1.0200
1.0199
1.0201
1.0209
1.0209
1.0214
1.0255
1.0527
1.0081
1.0100
