1.0038
1.0109
1.0093
0.8121
1.2757
1.1863
1.1530
1.1464
1.1443
1.1481
1.1499
1.1507
1.1498
1.1471
1.1445
1.1469
1.1448
1.1474
1.1509
1.1509
1.1454
1.1440
1.1437
1.1442
1.1424
1.1468
1.1465
1.1440
1.1405
1.1455
1.1416
1.1473
1.1481
1.1514
1.1370
1.1374
1.1326
1.1314
1.1288
1.1341
1.1332
1.1358
1.1367
1.1368
1.1409
1.1417
1.1355
1.1355
1.1350
1.1294
1.1306
1.1305
1.1267
1.1254
1.1289
1.1259
1.1272
1.1288
1.1272
1.1266
1.1260
1.1266
1.1297
1.1312
1.1299
1.1323
1.1321
1.1316
1.1324
1.1320
1.1295
1.1258
1.1246
1.1230
1.1220
1.1240
1.1265
1.1234
1.1248
1.1228
1.1220
1.1206
1.1237
1.1236
1.1234
1.1228
1.1237
1.1224
1.1214
1.1253
1.1244
1.1225
1.1222
1.1235
1.1234
1.1248
1.1273
1.1255
1.1264
1.1247
1.1233
1.1216
1.1241
1.1196
1.1191
1.1206
1.1222
1.1189
1.1215
1.1189
1.1167
1.1153
1.1159
1.1167
1.1172
1.1150
1.1155
1.1150
1.1126
1.1149
1.1167
1.1144
1.1143
1.1136
1.1143
1.1137
1.1144
1.1134
1.1143
1.1110
1.1107
1.1110
1.1120
1.1132
1.1158
1.1162
1.1149
1.1154
1.1138
1.1124
1.1123
1.1124
1.1111
1.1129
1.1136
1.1135
1.1137
1.1153
1.1131
1.1129
1.1116
1.1128
1.1132
1.1152
1.1149
1.1181
1.1186
1.1171
1.1173
1.1183
1.1155
1.1170
1.1204
1.1200
1.1205
1.1225
1.1222
1.1210
1.1160
1.1176
1.1178
1.1173
1.1183
1.1249
1.1202
1.1223
1.1213
1.1188
1.1185
1.1198
1.1175
1.1175
1.1182
1.1158
1.1172
1.1201
1.1204
1.1204
1.1243
1.1236
1.1225
1.1220
1.1193
1.1177
1.1165
1.1147
1.1163
1.1183
1.1173
1.1181
1.1201
1.1189
1.1148
1.1149
1.1164
1.1169
1.1163
1.1196
1.1224
1.1175
1.1164
1.1152
1.1157
1.1130
1.1123
1.1099
1.1110
1.1112
1.1095
1.1108
1.1139
1.1135
1.1138
1.1125
1.1134
1.1105
1.1110
1.1109
1.1142
1.1141
1.1151
1.1145
1.1136
1.1119
1.1103
1.1097
1.1092
1.1089
1.1073
1.1094
1.1084
1.1065
1.1054
1.1065
1.1050
1.1056
1.1055
1.1043
1.1032
1.1018
1.1006
1.0996
1.0998
1.0988
1.0976
1.0970
1.0961
1.0956
1.0947
1.0939
1.0942
1.0934
1.0913
1.0910
1.0909
1.0871
1.0856
1.0851
1.0848
1.0828
1.0837
1.0842
1.0827
1.0798
1.0785
1.0744
1.0705
1.0675
1.0651
1.0627
1.0615
1.0586
1.0549
1.0513
1.0482
1.0428
1.0382
1.0365
1.0373
1.0383
1.0419
1.0417
1.0382
1.0324
1.0231
1.0158
1.0039
0.9921
0.9754
0.9568
0.9193
0.8874
0.8487
0.8220
0.7882
0.7742
0.7523
0.7272
0.6962
0.6794
0.6631
0.6540
0.6624
0.6848
0.7143
0.7394
0.7656
0.7794
0.7624
0.7298
0.7006
0.6581
0.6134
0.5763
0.5334
0.4761
0.4351
0.3984
0.3734
0.3402
0.3183
0.3026
0.2841
0.2713
0.2742
0.2667
0.2576
0.2577
0.2478
0.2436
0.2441
0.2609
0.2777
0.3132
0.3727
0.4131
0.4264
0.4100
0.3837
0.3342
0.3016
0.2743
0.2592
0.2377
0.2205
0.2162
0.2210
0.2143
0.2102
0.2074
0.2026
0.1997
0.2055
0.2086
0.2165
0.2268
0.2317
0.2381
0.2475
0.2542
0.2565
0.2589
0.2571
0.2550
0.2487
0.2460
0.2372
0.2291
0.2210
0.2148
0.2076
0.2066
0.2112
0.2128
0.2210
0.2332
0.2478
0.2638
0.2878
0.3057
0.3209
0.3364
0.3496
0.3609
0.3777
0.3980
0.4175
0.4349
0.4507
0.4647
0.4757
0.4831
0.4899
0.4964
0.4967
0.4882
0.4683
0.4372
0.3908
0.3354
0.2859
0.2564
0.2499
0.2640
0.2881
0.3117
0.3387
0.3632
0.3864
0.4090
0.4313
0.4549
0.4801
0.5042
0.5268
0.5507
0.5717
0.5895
0.6065
0.6247
0.6393
0.6513
0.6651
0.6799
0.6912
0.6988
0.7068
0.7143
0.7176
0.7141
0.7030
0.6810
0.6460
0.5974
0.5385
0.4766
0.4222
0.3859
0.3792
0.3991
0.4335
0.4686
0.5002
0.5295
0.5553
0.5799
0.6039
0.6262
0.6478
0.6698
0.6885
0.7068
0.7254
0.7398
0.7525
0.7676
0.7801
0.7887
0.7981
0.8094
0.8177
0.8224
0.8253
0.8267
0.8225
0.8130
0.8024
0.7945
0.7887
0.7849
0.7800
0.7680
0.7402
0.6916
0.6246
0.5534
0.4957
0.4642
0.4652
0.4923
0.5318
0.5683
0.6028
0.6335
0.6605
0.6859
0.7096
0.7313
0.7537
0.7736
0.7898
0.8078
0.8239
0.8349
0.8473
0.8613
0.8711
0.8780
0.8860
0.8921
0.8926
0.8890
0.8847
0.8812
0.8791
0.8800
0.8855
0.8940
0.9024
0.9092
0.9153
0.9198
0.9212
0.9172
0.9047
0.8803
0.8442
0.8031
0.7665
0.7428
0.7369
0.7475
0.7684
0.7903
0.8104
0.8289
0.8455
0.8612
0.8751
0.8869
0.8979
0.9087
0.9168
0.9254
0.9341
0.9402
0.9451
0.9508
0.9542
0.9543
0.9527
0.9507
0.9479
0.9456
0.9460
0.9493
0.9538
0.9585
0.9629
0.9670
0.9706
0.9735
0.9760
0.9783
0.9800
0.9813
0.9821
0.9822
0.9812
0.9779
0.9700
0.9573
0.9422
0.9282
0.9183
0.9148
0.9175
0.9251
0.9335
0.9412
0.9482
0.9544
0.9598
0.9646
0.9690
0.9728
0.9766
0.9798
0.9825
0.9852
0.9872
0.9880
0.9883
0.9878
0.9864
0.9852
0.9852
0.9862
0.9879
0.9902
0.9927
0.9947
0.9964
0.9980
0.9994
1.0007
1.0017
1.0028
1.0037
1.0044
1.0051
1.0059
1.0063
1.0069
1.0074
1.0078
1.0077
1.0073
1.0061
1.0038
1.0007
0.9974
0.9948
0.9933
0.9934
0.9948
0.9967
0.9987
1.0002
1.0016
1.0028
1.0038
1.0046
1.0053
1.0056
1.0057
1.0055
1.0051
1.0043
1.0033
1.0026
1.0021
1.0020
1.0023
1.0030
1.0037
1.0047
1.0056
1.0066
1.0076
1.0085
1.0093
1.0100
1.0108
1.0114
1.0121
1.0127
1.0131
1.0136
1.0141
1.0145
1.0149
1.0153
1.0156
1.0159
1.0160
1.0162
1.0163
1.0165
1.0166
1.0167
1.0168
1.0168
1.0167
1.0166
1.0166
1.0166
1.0167
1.0169
1.0171
1.0174
1.0176
1.0179
1.0180
1.0182
1.0182
1.0183
1.0180
1.0179
1.0178
1.0178
1.0179
1.0180
1.0183
1.0184
1.0184
1.0185
1.0187
1.0187
1.0188
1.0187
1.0185
1.0183
1.0179
1.0176
1.0173
1.0167
1.0163
1.0159
1.0155
1.0152
1.0152
1.0151
1.0152
1.0155
1.0156
1.0159
1.0162
1.0164
1.0167
1.0170
1.0172
1.0176
1.0180
1.0184
1.0188
1.0192
1.0194
1.0196
1.0198
1.0199
1.0200
1.0201
1.0201
1.0202
1.0202
1.0204
1.0205
1.0206
1.0207
1.0207
1.0206
1.0206
1.0207
1.0208
1.0210
1.0212
1.0212
1.0212
1.0210
1.0210
1.0209
1.0209
1.0209
1.0210
1.0209
1.0208
1.0209
1.0208
1.0208
1.0208
1.0210
1.0208
1.0208
1.0207
1.0207
1.0206
1.0207
1.0207
1.0208
1.0207
1.0206
1.0205
1.0204
1.0201
1.0198
1.0194
1.0189
1.0185
1.0179
1.0176
1.0176
1.0176
1.0176
1.0176
1.0177
1.0175
1.0174
1.0175
1.0176
1.0175
1.0178
1.0179
1.0180
1.0181
1.0183
1.0184
1.0185
1.0186
1.0188
1.0187
1.0187
1.0188
1.0188
1.0187
1.0188
1.0189
1.0189
1.0189
1.0189
1.0189
1.0188
1.0187
1.0187
1.0187
1.0186
1.0186
1.0185
1.0184
1.0181
1.0179
1.0177
1.0177
1.0176
1.0176
1.0176
1.0175
1.0175
1.0173
1.0172
1.0171
1.0171
1.0170
1.0170
1.0169
1.0167
1.0165
1.0163
1.0163
1.0162
1.0161
1.0161
1.0161
1.0159
1.0158
1.0158
1.0156
1.0155
1.0153
1.0150
1.0147
1.0143
1.0140
1.0137
1.0135
1.0135
1.0134
1.0132
1.0131
1.0130
1.0127
1.0125
1.0126
1.0124
1.0122
1.0122
1.0121
1.0120
1.0119
1.0120
1.0119
1.0117
1.0116
1.0116
1.0114
1.0112
1.0112
1.0110
1.0108
1.0107
1.0107
1.0105
1.0104
1.0103
1.0100
1.0099
1.0097
1.0096
1.0094
1.0093
1.0091
1.0089
1.0087
1.0085
1.0082
1.0079
1.0078
1.0075
1.0073
1.0072
1.0070
1.0067
1.0064
1.0063
1.0062
1.0062
1.0062
1.0062
1.0059
1.0057
1.0056
1.0053
1.0051
1.0050
1.0048
1.0048
1.0047
1.0046
1.0045
1.0043
1.0041
1.0039
1.0037
1.0036
1.0034
1.0033
1.0033
1.0031
1.0029
1.0027
1.0026
1.0024
1.0021
1.0020
1.0019
1.0017
1.0014
1.0013
1.0010
1.0008
1.0007
1.0006
1.0004
1.0003
1.0002
0.9999
0.9998
0.9997
0.9996
0.9994
0.9994
0.9992
0.9989
0.9987
0.9985
0.9983
0.9982
0.9981
0.9981
0.9980
0.9979
0.9977
0.9975
0.9972
0.9970
0.9968
0.9966
0.9964
0.9965
0.9964
0.9964
0.9962
0.9961
0.9959
0.9959
0.9956
0.9955
0.9954
0.9953
0.9950
0.9949
0.9947
0.9945
0.9944
0.9941
0.9940
0.9939
0.9938
0.9938
0.9938
0.9938
0.9936
0.9935
0.9933
0.9930
0.9928
0.9927
0.9925
0.9923
0.9923
0.9921
0.9920
0.9919
0.9917
0.9914
0.9914
0.9913
0.9913
0.9912
0.9910
0.9906
0.9905
0.9901
0.9899
0.9899
0.9899
0.9899
0.9899
0.9898
0.9897
0.9895
0.9894
0.9893
0.9891
0.9890
0.9890
0.9888
0.9887
0.9884
0.9884
0.9882
0.9880
0.9877
0.9877
0.9876
0.9875
0.9878
0.9875
0.9875
0.9874
0.9873
0.9870
0.9870
0.9870
0.9867
0.9866
0.9865
0.9863
0.9861
0.9860
0.9860
0.9860
0.9859
0.9860
0.9859
0.9858
0.9857
0.9857
0.9856
0.9855
0.9854
0.9852
0.9851
0.9849
0.9848
0.9849
0.9848
0.9847
0.9846
0.9846
0.9845
0.9843
0.9844
0.9844
0.9844
0.9844
0.9846
0.9846
0.9844
0.9843
0.9843
0.9842
0.9841
0.9842
0.9843
0.9841
0.9840
0.9840
0.9839
0.9837
0.9837
0.9836
0.9835
0.9835
0.9835
0.9835
0.9835
0.9835
0.9834
0.9834
0.9834
0.9835
0.9836
0.9836
0.9836
0.9836
0.9835
0.9834
0.9835
0.9833
0.9833
0.9834
0.9833
0.9832
0.9834
0.9833
0.9832
0.9832
0.9831
0.9831
0.9831
0.9832
0.9834
0.9835
0.9833
0.9834
0.9833
0.9832
0.9833
0.9834
0.9834
0.9835
0.9836
0.9835
0.9836
0.9836
0.9836
0.9835
0.9834
0.9834
0.9834
0.9833
0.9834
0.9834
0.9835
0.9836
0.9836
0.9835
0.9837
0.9836
0.9835
0.9837
0.9839
0.9837
0.9838
0.9838
0.9838
0.9839
0.9840
0.9840
0.9841
0.9840
0.9838
0.9838
0.9837
0.9836
0.9836
0.9837
0.9837
0.9838
0.9839
0.9840
0.9840
0.9840
0.9840
0.9841
0.9842
0.9844
0.9844
0.9844
0.9843
0.9844
0.9843
0.9843
0.9844
0.9844
0.9842
0.9843
0.9843
0.9844
0.9844
0.9845
0.9846
0.9846
0.9846
0.9846
0.9846
0.9847
0.9847
0.9847
0.9848
0.9849
0.9849
0.9850
0.9852
0.9852
0.9854
0.9855
0.9856
0.9857
0.9858
0.9857
0.9857
0.9857
0.9856
0.9856
0.9857
0.9857
0.9859
0.9859
0.9860
0.9861
0.9862
0.9862
0.9863
0.9864
0.9864
0.9865
0.9865
0.9865
0.9864
0.9864
0.9865
0.9866
0.9866
0.9867
0.9869
0.9869
0.9869
0.9871
0.9870
0.9870
0.9871
0.9872
0.9873
0.9873
0.9873
0.9874
0.9874
0.9874
0.9876
0.9878
0.9879
0.9880
0.9880
0.9882
0.9882
0.9881
0.9881
0.9881
0.9880
0.9881
0.9882
0.9884
0.9886
0.9887
0.9888
0.9889
0.9890
0.9890
0.9891
0.9892
0.9892
0.9893
0.9894
0.9894
0.9893
0.9894
0.9894
0.9894
0.9895
0.9896
0.9897
0.9899
0.9900
0.9900
0.9901
0.9901
0.9902
0.9903
0.9904
0.9906
0.9907
0.9907
0.9908
0.9908
0.9910
0.9910
0.9911
0.9912
0.9914
0.9914
0.9915
0.9916
0.9916
0.9917
0.9918
0.9919
0.9920
0.9921
0.9920
0.9922
0.9922
0.9923
0.9923
0.9924
0.9924
0.9924
0.9925
0.9926
0.9928
0.9929
0.9931
0.9931
0.9931
0.9933
0.9933
0.9934
0.9934
0.9935
0.9936
0.9936
0.9937
0.9938
0.9938
0.9938
0.9940
0.9941
0.9942
0.9944
0.9944
0.9944
0.9945
0.9945
0.9947
0.9947
0.9948
0.9949
0.9951
0.9952
0.9953
0.9954
0.9955
0.9955
0.9956
0.9957
0.9959
0.9959
0.9960
0.9961
0.9962
0.9961
0.9962
0.9963
0.9963
0.9965
0.9967
0.9968
0.9969
0.9969
0.9969
0.9970
0.9971
0.9972
0.9973
0.9975
0.9975
0.9976
0.9977
0.9978
0.9979
0.9979
0.9981
0.9982
0.9983
0.9984
0.9986
0.9986
0.9986
0.9986
0.9987
0.9987
0.9988
0.9990
0.9992
0.9992
0.9994
0.9995
0.9996
0.9997
0.9998
0.9998
0.9999
1.0000
1.0000
1.0000
1.0002
1.0002
1.0002
1.0002
1.0003
1.0004
1.0005
1.0006
1.0007
1.0008
1.0009
1.0009
1.0010
1.0011
1.0012
1.0013
1.0015
1.0016
1.0016
1.0017
1.0018
1.0019
1.0020
1.0021
1.0022
1.0022
1.0023
1.0024
1.0025
1.0026
1.0027
1.0028
1.0029
1.0029
1.0030
1.0031
1.0032
1.0033
1.0034
1.0035
1.0035
1.0035
1.0034
1.0035
1.0034
1.0034
1.0036
1.0037
1.0038
1.0039
1.0040
1.0041
1.0043
1.0044
1.0045
1.0046
1.0047
1.0048
1.0049
1.0050
1.0052
1.0052
1.0053
1.0054
1.0056
1.0057
1.0058
1.0058
1.0057
1.0056
1.0054
1.0053
1.0053
1.0053
1.0053
1.0055
1.0055
1.0057
1.0058
1.0061
1.0062
1.0065
1.0066
1.0068
1.0069
1.0070
1.0070
1.0071
1.0072
1.0073
1.0074
1.0075
1.0075
1.0075
1.0076
1.0076
1.0077
1.0079
1.0080
1.0080
1.0081
1.0082
1.0082
1.0083
1.0083
1.0084
1.0084
1.0084
1.0084
1.0082
1.0080
1.0079
1.0079
1.0079
1.0080
1.0081
1.0082
1.0083
1.0085
1.0086
1.0087
1.0088
1.0090
1.0090
1.0091
1.0092
1.0093
1.0094
1.0094
1.0096
1.0097
1.0096
1.0098
1.0099
1.0099
1.0100
1.0101
1.0101
1.0102
1.0103
1.0105
1.0105
1.0106
1.0106
1.0106
1.0106
1.0107
1.0108
1.0109
1.0110
1.0111
1.0111
1.0112
1.0112
1.0112
1.0113
1.0114
1.0115
1.0115
1.0115
1.0114
1.0112
1.0110
1.0108
1.0108
1.0109
1.0110
1.0112
1.0114
1.0115
1.0116
1.0117
1.0118
1.0118
1.0119
1.0119
1.0120
1.0120
1.0122
1.0123
1.0124
1.0125
1.0126
1.0126
1.0127
1.0129
1.0130
1.0130
1.0130
1.0130
1.0130
1.0131
1.0133
1.0133
1.0133
1.0134
1.0134
1.0134
1.0135
1.0136
1.0136
1.0136
1.0136
1.0136
1.0137
1.0137
1.0138
1.0139
1.0140
1.0141
1.0141
1.0142
1.0142
1.0142
1.0142
1.0142
1.0143
1.0144
1.0144
1.0144
1.0144
1.0143
1.0141
1.0140
1.0140
1.0140
1.0141
1.0141
1.0141
1.0142
1.0144
1.0145
1.0146
1.0147
1.0148
1.0148
1.0147
1.0149
1.0150
1.0151
1.0152
1.0154
1.0154
1.0154
1.0155
1.0155
1.0155
1.0156
1.0158
1.0158
1.0159
1.0159
1.0160
1.0160
1.0161
1.0162
1.0164
1.0164
1.0165
1.0166
1.0167
1.0166
1.0167
1.0166
1.0166
1.0166
1.0167
1.0167
1.0168
1.0168
1.0168
1.0168
1.0169
1.0169
1.0169
1.0170
1.0171
1.0170
1.0169
1.0168
1.0168
1.0168
1.0169
1.0170
1.0172
1.0172
1.0173
1.0173
1.0173
1.0172
1.0172
1.0172
1.0172
1.0172
1.0172
1.0171
1.0171
1.0171
1.0171
1.0171
1.0171
1.0172
1.0174
1.0174
1.0176
1.0178
1.0178
1.0178
1.0179
1.0179
1.0179
1.0179
1.0179
1.0179
1.0180
1.0181
1.0183
1.0184
1.0185
1.0186
1.0187
1.0186
1.0187
1.0187
1.0188
1.0188
1.0190
1.0189
1.0190
1.0190
1.0191
1.0190
1.0191
1.0190
1.0190
1.0191
1.0192
1.0192
1.0193
1.0193
1.0193
1.0193
1.0193
1.0192
1.0193
1.0193
1.0193
1.0194
1.0194
1.0193
1.0192
1.0193
1.0194
1.0195
1.0195
1.0196
1.0196
1.0196
1.0196
1.0196
1.0197
1.0196
1.0195
1.0194
1.0194
1.0195
1.0195
1.0196
1.0197
1.0198
1.0197
1.0197
1.0196
1.0195
1.0195
1.0194
1.0193
1.0194
1.0194
1.0194
1.0195
1.0196
1.0197
1.0195
1.0196
1.0196
1.0196
1.0197
1.0198
1.0199
1.0200
1.0200
1.0201
1.0202
1.0202
1.0202
1.0203
1.0203
1.0204
1.0205
1.0205
1.0205
1.0206
1.0205
1.0204
1.0204
1.0204
1.0204
1.0204
1.0205
1.0206
1.0205
1.0205
1.0206
1.0205
1.0205
1.0206
1.0207
1.0208
1.0209
1.0210
1.0211
1.0210
1.0209
1.0209
1.0209
1.0208
1.0209
1.0209
1.0209
1.0209
1.0209
1.0208
1.0208
1.0207
1.0208
1.0208
1.0208
1.0210
1.0212
1.0212
1.0212
1.0212
1.0212
1.0212
1.0212
1.0212
1.0212
1.0213
1.0212
1.0212
1.0212
1.0213
1.0213
1.0214
1.0213
1.0213
1.0212
1.0212
1.0211
1.0212
1.0213
1.0214
1.0213
1.0214
1.0215
1.0215
1.0214
1.0214
1.0212
1.0211
1.0211
1.0212
1.0212
1.0213
1.0214
1.0214
1.0215
1.0214
1.0215
1.0215
1.0215
1.0215
1.0215
1.0214
1.0215
1.0215
1.0216
1.0216
1.0218
1.0217
1.0216
1.0215
1.0215
1.0214
1.0215
1.0216
1.0217
1.0217
1.0217
1.0218
1.0218
1.0216
1.0216
1.0215
1.0214
1.0215
1.0215
1.0215
1.0216
1.0217
1.0216
1.0217
1.0218
1.0218
1.0217
1.0217
1.0216
1.0216
1.0217
1.0218
1.0218
1.0219
1.0219
1.0218
1.0216
1.0216
1.0216
1.0215
1.0215
1.0216
1.0215
1.0215
1.0216
1.0217
1.0216
1.0217
1.0217
1.0217
1.0216
1.0215
1.0214
1.0213
1.0211
1.0211
1.0212
1.0213
1.0214
1.0214
1.0214
1.0214
1.0213
1.0212
1.0211
1.0212
1.0212
1.0213
1.0213
1.0214
1.0213
1.0212
1.0212
1.0212
1.0211
1.0211
1.0210
1.0210
1.0210
1.0210
1.0210
1.0211
1.0210
1.0209
1.0209
1.0209
1.0209
1.0210
1.0212
1.0213
1.0213
1.0212
1.0212
1.0211
1.0210
1.0210
1.0211
1.0212
1.0211
1.0211
1.0213
1.0210
1.0210
1.0210
1.0210
1.0209
1.0209
1.0210
1.0210
1.0208
1.0209
1.0210
1.0210
1.0211
1.0211
1.0211
1.0210
1.0209
1.0208
1.0208
1.0206
1.0205
1.0204
1.0204
1.0202
1.0203
1.0202
1.0202
1.0202
1.0202
1.0201
1.0203
1.0202
1.0202
1.0200
1.0200
1.0199
1.0200
1.0201
1.0201
1.0201
1.0201
1.0200
1.0199
1.0199
1.0200
1.0200
1.0202
1.0200
1.0200
1.0200
1.0197
1.0196
1.0196
1.0197
1.0196
1.0195
1.0195
1.0194
1.0192
1.0192
1.0192
1.0193
1.0194
1.0193
1.0195
1.0202
1.0202
1.0208
1.0249
1.0516
1.0094
1.0108
